"Oxs_RungeKuttaEvolve:evolve:Total energy","Oxs_RungeKuttaEvolve:evolve:Energy calc count","Oxs_RungeKuttaEvolve:evolve:Max dm/dt","Oxs_RungeKuttaEvolve:evolve:dE/dt","Oxs_RungeKuttaEvolve:evolve:Delta E","Oxs_CubicAnisotropy::Energy","Oxs_UniformExchange::Energy","Oxs_UniformExchange::Max Spin Ang","Oxs_UniformExchange::Stage Max Spin Ang","Oxs_UniformExchange::Run Max Spin Ang","Oxs_ScriptUZeeman::Energy","Oxs_ScriptUZeeman::B","Oxs_ScriptUZeeman::Bx","Oxs_ScriptUZeeman::By","Oxs_ScriptUZeeman::Bz","Oxs_Demag::Energy","Oxs_TimeDriver::Iteration","Oxs_TimeDriver::Stage iteration","Oxs_TimeDriver::Stage","Oxs_TimeDriver::mx","Oxs_TimeDriver::my","Oxs_TimeDriver::mz","Oxs_TimeDriver::Last time step","Oxs_TimeDriver::Simulation time"
2.7730556310436897e-17,1,6304.8357849842196,-1.7735408319010952e-08,0,0,7.8000000000000001e-18,90.000000000000014,90.000000000000014,90.000000000000014,0,0,0,0,0,1.9930556310436898e-17,0,0,0,0,0.050000000000000003,0,0,0
2.7730529587115191e-17,7,6304.8294616552794,-1.773536119785815e-08,-2.6723321706660501e-23,0,7.7999822348927296e-18,89.999877842875634,90.000000000000014,90.000000000000014,-2.8985645155687832e-39,4.2472494760925181e-06,4.2472494760925181e-06,0,0,1.9930547352222463e-17,1,1,0,3.0423204104105633e-16,0.050000005725793592,2.8147045458837283e-14,1.5067799263900698e-15,1.5067799263900698e-15
2.7730422694532197e-17,13,6304.8040444256048,-1.7735175448048598e-08,-1.0689258299482844e-22,0,7.7999107984797367e-18,89.999376739383109,90.000000000000014,90.000000000000014,-3.7078422456140762e-37,2.1236244022810254e-05,2.1236244022810254e-05,0,0,1.9930511896052459e-17,2,2,0,7.320195436477662e-15,0.050000027189540511,7.0367444749900681e-13,6.0271197055602791e-15,7.5338996319503486e-15
2.7729995134999983e-17,19,6304.7003931441213,-1.7734476206329548e-08,-4.2755953221280568e-22,0,7.7996190364803884e-18,89.997172729116912,90.000000000000014,90.000000000000014,-3.0338068179708864e-35,8.9191980458925657e-05,8.9191980458925657e-05,0,0,1.9930376098519596e-17,3,3,0,1.4175660908222199e-13,0.050000090015194218,1.2412678780483096e-11,2.4108478822241116e-14,3.1642378454191468e-14
2.7728285040127918e-17,25,6304.2540797816,-1.7732379420464437e-08,-1.7100948720666234e-21,0,7.7983556825692095e-18,89.985694602972259,90.000000000000014,90.000000000000014,-2.7729030596151986e-33,0.00036099902460535034,0.00036099902460535034,0,0,1.9929929357558712e-17,4,4,0,3.2005334893862407e-12,0.049999972972217054,2.0334540656667362e-10,9.6433915288964465e-14,1.2807629374315595e-13
2.772144506182696e-17,31,6301.9603034002776,-1.7735203124930492e-08,-6.8399783009558285e-21,0,7.7917571065229971e-18,89.896754338167554,90.000000000000014,90.000000000000014,-3.7513536655743895e-31,0.0014472028605324438,0.0014472028605324438,0,0,1.9929687955304339e-17,5,5,0,1.0800586392482123e-10,0.049993626208258861,3.2704481650747159e-09,3.8573566115585786e-13,5.1381195489901386e-13
2.769397189593806e-17,37,6284.125442387417,-1.7927131669765794e-08,-2.7473165888902462e-20,0,7.7400573019009067e-18,88.854373491152614,90.000000000000014,90.000000000000014,-7.2855079260112217e-29,0.0057265944586601791,0.0057265944586601791,0,0,1.9953914594110006e-17,6,6,0,5.3009312010059759e-09,0.049876871567362813,5.19256310066991e-08,1.5429426446234314e-12,2.0567545995224453e-12
2.761026686513068e-17,43,6109.3389300350455,-2.0057816169186835e-08,-8.3705030807379118e-20,0,7.3498610820190488e-18,79.735764029926344,90.000000000000014,90.000000000000014,-5.6971753812342265e-27,0.016245105283719918,0.016245105283719918,0,0,2.0260405788808806e-17,7,7,0,1.4612543493198853e-07,0.048895775326862997,4.8594750370675077e-07,4.4912369388028499e-12,6.5479915383252956e-12
2.7507898809931543e-17,49,5588.8461688385742,-2.3164379129453848e-08,-1.0236805519913566e-19,0,6.7690915092527406e-18,62.362216721380285,90.000000000000014,90.000000000000014,-3.2448455605448095e-26,0.021298322771651543,0.021298322771651543,0,0,2.0738807333127259e-17,8,8,0,6.3480068268564837e-07,0.04735841358865775,1.2436907128159873e-06,4.7676553048383042e-12,1.13156468431636e-11
2.738768933178941e-17,55,5001.7129585841512,-2.4438933752605535e-08,-1.2020947814213193e-19,0,6.4434066004792232e-18,53.534816561604558,90.000000000000014,90.000000000000014,-6.6096117167144113e-26,0.017657856603712552,0.017657856603712552,0,0,2.0944282797406306e-17,9,9,0,1.5596484577935189e-06,0.045066118047128748,2.050928123601261e-06,5.1198155157209853e-12,1.6435462358884585e-11
2.7268809579517144e-17,67,5536.6180529286148,-2.4733206988352768e-08,-1.1887975227226799e-19,0,6.3129918498707597e-18,51.013351493889964,90.000000000000014,90.000000000000014,-4.2285606300502105e-26,0.006725404227774112,0.006725404227774112,0,0,2.095581777193199e-17,10,10,0,2.6197685712327561e-06,0.041642904416093827,2.4803599346750951e-06,4.9468353619552059e-12,2.1382297720839791e-11
2.7157639707993078e-17,73,5418.1681601748214,-2.4107181394140154e-08,-1.1116987152406436e-19,0,6.419020921638472e-18,57.887733414354322,90.000000000000014,90.000000000000014,5.0274452837682153e-26,0.0060884127305885606,-0.0060884127305885606,0,0,2.0738618736080153e-17,11,11,0,3.4405828923266383e-06,0.037650917126308435,2.4672294351741343e-06,4.6175522586343745e-12,2.5999849979474164e-11
2.7057426990599979e-17,79,4724.852866962734,-2.3114511689789878e-08,-1.0021271739309893e-19,0,6.6439474894281403e-18,61.735842978204033,90.000000000000014,90.000000000000014,1.5062461032187419e-25,0.01617940115704454,-0.01617940115704454,0,0,2.0413479350547229e-17,12,12,0,3.8790220781664059e-06,0.033468821802064674,2.1563838991977051e-06,4.3218707594559799e-12,3.0321720738930144e-11
2.6962497923337729e-17,85,4814.7206491136785,-2.2907959849591065e-08,-9.4929067262252005e-20,0,6.7411981213704529e-18,59.983325940778634,90.000000000000014,90.000000000000014,1.9848115029937957e-25,0.021094414774837363,-0.021094414774837363,0,0,2.0221299603486125e-17,13,13,0,3.9204917592555289e-06,0.029080568722967694,1.7536500122888539e-06,4.1898967691626639e-12,3.4511617508092811e-11
2.6868046682150848e-17,91,4952.6561191847186,-2.2019377511073166e-08,-9.4451241186879211e-20,0,6.9850730404028417e-18,62.178631194167352,90.000000000000014,90.000000000000014,1.7121289560473403e-25,0.019652300894884723,-0.019652300894884723,0,0,1.9882973470535109e-17,14,14,0,3.630043468376001e-06,0.024680090847495936,1.4382858748567135e-06,4.2561337755921201e-12,3.8767751283684932e-11
2.6778956978167948e-17,97,5038.0019875289081,-2.0931419171988133e-08,-8.9089703982899648e-20,0,7.3562973417299125e-18,69.64553479055661,90.000000000000014,90.000000000000014,9.1950291928799713e-26,0.012216227748724625,-0.012216227748724625,0,0,1.9422659544487744e-17,15,15,0,3.1362072175585974e-06,0.02061140683848493,1.290320016828288e-06,4.2376740680277475e-12,4.3005425351712677e-11
2.669342003771706e-17,103,4842.4739129606623,-2.0946517322736031e-08,-8.5536940450888263e-20,0,7.6124722244009785e-18,75.223629605478493,90.000000000000014,90.000000000000014,7.9347898856351041e-27,0.0012599192693801544,-0.0012599192693801544,0,0,1.9080947805381294e-17,16,16,0,2.6241065857280046e-06,0.017088989197384032,1.3392704804039143e-06,4.1663861591715466e-12,4.7171811510884223e-11
2.6608910449543864e-17,109,4363.4733673062892,-2.0742977813889685e-08,-8.4509588173196953e-20,0,7.9747951522272865e-18,79.603150002644654,90.000000000000014,90.000000000000014,-5.4565008567452893e-26,0.009925479956818797,0.009925479956818797,0,0,1.8634115351881587e-17,17,17,0,2.290611671724667e-06,0.01435295614977954,1.5319921770783306e-06,4.109309396392173e-12,5.1281120907276398e-11
2.6525206743683973e-17,115,4818.6093836208493,-2.0571138145705245e-08,-8.3703705859891186e-20,0,8.4116999295466381e-18,74.681785895019431,90.000000000000014,90.000000000000014,-1.0002271634646184e-25,0.018305887459687087,0.018305887459687087,0,0,1.8113506914160051e-17,18,18,0,2.2766518095290908e-06,0.012388706933374459,1.7635501315779888e-06,4.1382818252162244e-12,5.5419402732492619e-11
2.6441520028377569e-17,121,5060.0887339454166,-2.1441771460236981e-08,-8.3686715306405066e-20,0,8.6953544206474344e-18,80.568233975896277,90.000000000000014,90.000000000000014,-1.3848974855551269e-25,0.021362399101939818,0.021362399101939818,0,0,1.7746165746219882e-17,19,19,0,2.7011976334514718e-06,0.011224729374183538,1.968013431744136e-06,4.0562678183167926e-12,5.9475670550809417e-11
2.6354908565815372e-17,127,5430.1840363844403,-2.1938021342218458e-08,-8.661146256219653e-20,0,9.0631736675481686e-18,90.591068826583395,90.591068826583395,90.591068826583395,-1.5887482454973643e-25,0.018474530493827811,0.018474530493827811,0,0,1.7291735057142029e-17,20,20,0,3.5831949063173187e-06,0.010869373579741421,2.0941231744266166e-06,4.0349596440027505e-12,6.3510630194812173e-11
2.6259752455968781e-17,133,5469.1347310115289,-2.1716853279249919e-08,-9.5156109846592206e-20,0,9.5859892934893493e-18,101.71487383233757,101.71487383233757,101.71487383233757,-1.1198590521852108e-25,0.0093919265908984292,0.0093919265908984292,0,0,1.6673763274465336e-17,21,21,0,4.9681812767063581e-06,0.011300896672263068,2.0685084439807422e-06,4.4680959506235144e-12,6.7978726145435692e-11
2.6168746222765936e-17,145,5446.3100206507179,-2.2162743645314531e-08,-9.1006233202842673e-20,0,9.8120370950603016e-18,108.10190865744103,108.10190865744103,108.10190865744103,3.4729757889293677e-26,0.0022198282024902859,-0.0022198282024902859,0,0,1.6356709092975879e-17,22,22,0,6.518852421883494e-06,0.012384025257272583,1.8995029490417437e-06,4.2387890955069191e-12,7.2217515240942607e-11
2.6081791087321842e-17,151,5437.8605384055245,-2.2561397463680768e-08,-8.6955135444094812e-20,0,9.8096163452426399e-18,124.87413144700781,124.87413144700781,124.87413144700781,2.3769480447013881e-25,0.012467610355402814,-0.012467610355402814,0,0,1.6272174504384399e-17,23,23,0,7.943743751952424e-06,0.013958534682767972,1.6153751341360657e-06,3.9339418594369292e-12,7.6151457100379541e-11
2.5997739405963632e-17,157,5827.8639867540724,-2.2728315610094252e-08,-8.4051681358210242e-20,0,9.6730324618413724e-18,141.79182187882515,141.79182187882515,141.79182187882515,4.1629669594677968e-25,0.019215836787750205,-0.019215836787750205,0,0,1.6324706527825563e-17,24,24,0,9.0267709161217022e-06,0.015952165241512047,1.191408714032356e-06,3.7549245247063817e-12,7.9906381625085923e-11
2.5915190241215673e-17,163,6203.3347240503117,-2.3285051232175836e-08,-8.2549164747958444e-20,0,9.3658686040949708e-18,157.60479094863345,157.60479094863345,157.60479094863345,4.9605265162428049e-25,0.021355371249105307,-0.021355371249105307,0,0,1.6549321141068051e-17,25,25,0,9.6785301661926019e-06,0.018247277663075028,7.01782842929603e-07,3.6272297901088343e-12,8.3533611415194757e-11
2.582814185476015e-17,169,5592.4016578199089,-2.3796513143603304e-08,-8.7048386455522947e-20,0,9.025122795160263e-18,171.59772237759049,171.59772237759049,171.59772237759049,4.4362742201913748e-25,0.018549907619988794,-0.018549907619988794,0,0,1.6803018615972466e-17,26,26,0,9.9647266692978648e-06,0.020818986882330359,2.254777951055136e-07,3.7329592337352295e-12,8.7266570648929986e-11
2.5740729136590511e-17,175,5498.1957552882759,-2.3685689247064897e-08,-8.7412718169640213e-20,0,8.841024728893961e-18,178.28101390688497,178.28101390688497,178.28101390688497,2.712390989682065e-25,0.011361196936561384,-0.011361196936561384,0,0,1.689970413645745e-17,27,27,0,9.9475690693377203e-06,0.023446748163552814,-1.9932699768948623e-07,3.7217150207755789e-12,9.098828566970556e-11
2.5654473710924604e-17,181,6250.1939625794676,-2.3671971959626313e-08,-8.6255425665903279e-20,0,8.7194659341479178e-18,173.05323485048203,178.28101390688497,178.28101390688497,3.6414219930385329e-26,0.0015593615995006872,-0.0015593615995006872,0,0,1.6935007740362469e-17,28,28,0,9.7300020999337235e-06,0.026048198482741768,-5.348418320282447e-07,3.6961085702401104e-12,9.4684394239945676e-11
2.5567710604746755e-17,187,6188.6516171515805,-2.4036037170077962e-08,-8.676310617785313e-20,0,8.5786714853512564e-18,173.97536498003942,178.28101390688497,178.28101390688497,-1.9499921565125909e-25,0.0085847230776775925,0.0085847230776775925,0,0,1.6989039314394713e-17,29,29,0,9.4644489348027859e-06,0.028538728164293408,-6.3575940367126654e-07,3.6878394204236918e-12,9.8372233660369362e-11
2.5482925707607936e-17,193,6246.0793515260993,-2.4146088921698374e-08,-8.4784897138816903e-20,0,8.5038873420165697e-18,177.14136287307085,178.28101390688497,178.28101390688497,-3.7039448053313899e-25,0.016505102334295647,0.016505102334295647,0,0,1.6979038735985847e-17,30,30,0,9.3505044942225021e-06,0.030785690231478809,-4.7382096011072158e-07,3.5574890743826816e-12,1.0192972273475204e-10
2.5402996848141369e-17,199,6629.6350384880589,-2.41751581295201e-08,-7.9928859466567026e-20,0,8.4581673613847173e-18,159.82200025240147,178.28101390688497,178.28101390688497,-4.7118317826867305e-25,0.0207154990487179,0.0207154990487179,0,0,1.6944829957939829e-17,31,31,0,9.4772674227164438e-06,0.03281541243742675,-2.031957674412297e-07,3.3426571010254085e-12,1.0527237983577745e-10
2.5327044034156239e-17,205,7571.6528043688586,-2.460396628519446e-08,-7.5952813985129628e-20,0,8.3381526533314228e-18,135.43060001110274,178.28101390688497,178.28101390688497,-4.9625189233361672e-25,0.021062973143441657,0.021062973143441657,0,0,1.6988891877076709e-17,32,32,0,9.8168297702788059e-06,0.034667454740917258,1.01050438214855e-07,3.1417911390836812e-12,1.0841417097486113e-10
2.5251310188064269e-17,211,8333.1471284377621,-2.5196911270934105e-08,-7.5733846091972968e-20,0,8.1617841537297998e-18,106.02728617119668,178.28101390688497,178.28101390688497,-4.4620242756637326e-25,0.017966150675564844,0.017966150675564844,0,0,1.7089526480536896e-17,33,33,0,1.0348219911400228e-05,0.036372862634820445,4.209595716183321e-07,3.0612363173013156e-12,1.1147540729216245e-10
2.5176142630972343e-17,217,8363.1114255167431,-2.5488681894430805e-08,-7.5167557091924029e-20,0,8.0121635035577686e-18,76.636099169080367,178.28101390688497,178.28101390688497,-3.2190001505321238e-25,0.012165099227237767,0.012165099227237767,0,0,1.7163979449314589e-17,34,34,0,1.102539352675279e-05,0.037938019324074215,6.5125042344224009e-07,2.9806776516439335e-12,1.1445608494380638e-10
2.510003988706025e-17,223,7464.766949400313,-2.5540786680560296e-08,-7.6102743912091274e-20,0,7.88529113528425e-18,66.922928708063566,178.28101390688497,178.28101390688497,-1.2548560578538603e-25,0.0044447140355492786,0.0044447140355492786,0,0,1.7214748877261607e-17,35,35,0,1.1763561988299092e-05,0.039465590053821005,6.9061023253848061e-07,3.0030965767854246e-12,1.1745918152059182e-10
2.5023837755286442e-17,229,6636.9103525777691,-2.58226328179136e-08,-7.6202131773808229e-20,0,7.7010941528812246e-18,67.359991640367767,178.28101390688497,178.28101390688497,1.1726273592577304e-25,0.0039342833831248879,-0.0039342833831248879,0,0,1.7322743485142483e-17,36,36,0,1.2418900354734312e-05,0.040948645180970196,5.3228426722991573e-07,2.992200482606614e-12,1.2045138200319844e-10
2.4940412318668973e-17,235,6976.7084690726078,-2.6337286357282555e-08,-8.3425436617471893e-20,0,7.4476424675221285e-18,70.461306685453465,178.28101390688497,178.28101390688497,3.8066545201917457e-25,0.01226918040970692,-0.01226918040970692,0,0,1.749276947048139e-17,37,37,0,1.2927563187768683e-05,0.042463477848285532,1.9577685864266339e-07,3.2327829325113541e-12,1.2368416493570979e-10
2.4857372641505571e-17,241,6755.9569033739017,-2.6540919916951533e-08,-8.3039677163401753e-20,0,7.2502465287074401e-18,69.291533778878247,178.28101390688497,178.28101390688497,5.7805082776931233e-25,0.018314117249249671,-0.018314117249249671,0,0,1.7607125534747303e-17,38,38,0,1.3151303352030615e-05,0.043841348592585795,-2.8797801983038274e-07,3.1694767303488912e-12,1.2685364166605868e-10
2.4774334032974596e-17,247,5928.0047875692389,-2.6584970081147612e-08,-8.3038608530975538e-20,0,7.0972421061054731e-18,62.293099049978217,178.28101390688497,178.28101390688497,6.6318282038499029e-25,0.021198946903146217,-0.021198946903146217,0,0,1.76770912636863e-17,39,39,0,1.3034901045846443e-05,0.045132284361111101,-9.235447443232746e-07,3.1593802640120659e-12,1.3001302193007074e-10
2.4693117221668388e-17,253,5512.7755600242399,-2.6681674237311595e-08,-8.1216811306208509e-20,0,6.9442921959513881e-18,53.814607380200115,178.28101390688497,178.28101390688497,6.1821253285267071e-25,0.020517295336675023,-0.020517295336675023,0,0,1.7748824407504466e-17,40,40,0,1.2554703294433033e-05,0.046298985869215013,-1.6362988658870744e-06,3.0787743767187124e-12,1.3309179630678946e-10
2.4610810337798026e-17,259,5694.6779108916535,-2.6726308580636916e-08,-8.2306883870358476e-20,0,6.8049839437682125e-18,54.702341681170566,178.28101390688497,178.28101390688497,4.617963443901571e-25,0.016435900429799623,-0.016435900429799623,0,0,1.7805825932233469e-17,41,41,0,1.1707003477911154e-05,0.047340692092404414,-2.3257886912006507e-06,3.1122692244092929e-12,1.3620406553119876e-10
2.4529600662350295e-17,265,5562.1549637680209,-2.6520228293787374e-08,-8.1209675447731151e-20,0,6.7291496196195416e-18,51.535235936114582,178.28101390688497,178.28101390688497,2.4701979754873858e-25,0.0097105276451079324,-0.0097105276451079324,0,0,1.7800450795710957e-17,42,42,0,1.0599312355310346e-05,0.048219560785523807,-2.8423043451795336e-06,3.0768677344927339e-12,1.392809332656915e-10
2.4447550222949279e-17,271,5165.5953936306087,-2.6079742288160129e-08,-8.2050439401016133e-20,0,6.7133741875481901e-18,44.116702735717318,178.28101390688497,178.28101390688497,2.6625625490236298e-26,0.0011877082873800375,-0.0011877082873800375,0,0,1.7734176008775463e-17,43,43,0,9.3406863780009247e-06,0.048993297686278595,-3.1574046888173568e-06,3.1546336408876168e-12,1.4243556690657911e-10
2.436733085619148e-17,277,4728.574486442717,-2.5770671876654749e-08,-8.0219366757798761e-20,0,6.6994118823073111e-18,43.384769660249766,178.28101390688497,178.28101390688497,-1.4478096653963416e-25,0.0074722240781772281,0.0074722240781772281,0,0,1.7667919118665138e-17,44,44,0,8.0732860916542515e-06,0.049655013564719859,-3.3005859029376008e-06,3.1297332014327799e-12,1.455653001080119e-10
2.4287484964136407e-17,283,4652.0176581993328,-2.539605701835741e-08,-7.9845892055072111e-20,0,6.6980098518368957e-18,47.212734277581077,178.28101390688497,178.28101390688497,-2.4498370725972834e-25,0.014925662989428974,0.014925662989428974,0,0,1.7589475357283219e-17,45,45,0,6.8389956790581346e-06,0.050194096989458953,-3.2466534102002093e-06,3.1543757406052713e-12,1.4871967584861716e-10
2.4208576051544226e-17,289,4358.2602090698792,-2.4916618221601545e-08,-7.8908912592182802e-20,0,6.7159672583350093e-18,54.555171391449058,178.28101390688497,178.28101390688497,-2.7601279450422804e-25,0.01985342625911924,0.01985342625911924,0,0,1.749260906922201e-17,46,46,0,5.7927195810743917e-06,0.050606001333806057,-2.8954862851476901e-06,3.1762033801660802e-12,1.5189587922878324e-10
2.4130006420708041e-17,295,4399.8863772465056,-2.470173554193212e-08,-7.8569630836184784e-20,0,6.7133527400946992e-18,55.402960039866464,178.28101390688497,178.28101390688497,-2.6217725820779686e-25,0.021340849762650702,0.021340849762650702,0,0,1.7416653942790601e-17,47,47,0,5.1188460379031794e-06,0.050933613610868227,-2.3328523291258292e-06,3.209852799146626e-12,1.5510573202792987e-10
2.4051512466723995e-17,301,4520.447988284468,-2.4388411034215487e-08,-7.8493953984049048e-20,0,6.7249782290651703e-18,48.433726412656121,178.28101390688497,178.28101390688497,-2.1957637042547929e-25,0.019022931462296788,0.019022931462296788,0,0,1.7326534457235194e-17,48,48,0,4.8094666441933564e-06,0.051187913011612116,-1.8049332069841816e-06,3.2365692280954647e-12,1.5834230125602535e-10
2.3973505311239325e-17,307,4433.7167147639902,-2.3856144616577191e-08,-7.8007155484666675e-20,0,6.7490612738160934e-18,51.50437338982816,178.28101390688497,178.28101390688497,-1.4971246188593758e-25,0.013189453382480076,0.013189453382480076,0,0,1.7224444187135694e-17,49,49,0,4.729551001343255e-06,0.05134555739535894,-1.3616563602619499e-06,3.2811564316637833e-12,1.6162345768768912e-10
2.3897951653901865e-17,313,4662.9347352091327,-2.3638691090309149e-08,-7.55536573374609e-20,0,6.7247553941439007e-18,57.212538436166646,178.28101390688497,178.28101390688497,-5.9219460008817451e-26,0.0050672377442452484,0.0050672377442452484,0,0,1.7173196318977422e-17,50,50,0,4.8694725309281302e-06,0.051409283941697269,-9.8010488419158115e-07,3.2282261361075085e-12,1.6485168382379662e-10
2.3821037895284455e-17,319,4599.1777457959743,-2.352850003641589e-08,-7.6913758617409548e-20,0,6.6865413398947555e-18,54.25964485081326,178.28101390688497,178.28101390688497,5.1998419459836163e-26,0.0041800872721755485,-0.0041800872721755485,0,0,1.7134496503391279e-17,51,51,0,5.1831473119184376e-06,0.051419517199348799,-8.1878966883189912e-07,3.3075657547277086e-12,1.6815924957852432e-10
2.374402406300184e-17,325,4367.7695110784698,-2.3131981926260259e-08,-7.7013832282616152e-20,0,6.6682117132151238e-18,50.914997561213376,178.28101390688497,178.28101390688497,1.6527810432396639e-25,0.012743312195628291,-0.012743312195628291,0,0,1.7075812184508612e-17,52,52,0,5.4040798611442253e-06,0.051390868910668422,-9.9328430851323602e-07,3.3514542797801862e-12,1.7151070385830451e-10
2.3668233402832696e-17,331,4438.7409779746067,-2.2829544049348461e-08,-7.5790660169143985e-20,0,6.607122982498632e-18,62.822844528520442,178.28101390688497,178.28101390688497,2.4215310896843392e-25,0.018860382187777993,-0.018860382187777993,0,0,1.7061110178180953e-17,53,53,0,5.3496863283185913e-06,0.051312186290053914,-1.3411883114804005e-06,3.355602731071296e-12,1.7486630658937581e-10
2.3593373599606711e-17,337,4415.8889366868561,-2.2776749274504454e-08,-7.4859803225984394e-20,0,6.4926282552940433e-18,65.36990489019874,178.28101390688497,178.28101390688497,2.5785171603588083e-25,0.021337349921844797,-0.021337349921844797,0,0,1.7100745086460953e-17,54,54,0,5.0352183100612212e-06,0.051206975668393863,-1.7724333852902903e-06,3.3349271307620373e-12,1.7820123372013785e-10
2.3517721201611989e-17,343,4038.5023734392644,-2.2645727566963987e-08,-7.5652397994722198e-20,0,6.3719513306151426e-18,59.796625439609343,178.28101390688497,178.28101390688497,2.0793739560372061e-25,0.019694528976812564,-0.019694528976812564,0,0,1.7145769663059449e-17,55,55,0,4.3992207989562303e-06,0.051113207933275166,-2.2900393271206363e-06,3.3852226262333347e-12,1.8158645634637119e-10
2.3443582736210138e-17,349,3999.75515359677,-2.2555284362514683e-08,-7.4138465401851984e-20,0,6.2420264931475341e-18,49.633296528307632,178.28101390688497,178.28101390688497,1.1784228121581064e-25,0.0142967033551793,-0.0142967033551793,0,0,1.7201556125220322e-17,56,56,0,3.4344246561856321e-06,0.05101553463041697,-2.7058447919265384e-06,3.3331378425375865e-12,1.8491959418890877e-10
2.3368207480790036e-17,355,4115.4322629156122,-2.2590864842649585e-08,-7.5375255420100824e-20,0,6.0991158441550547e-18,42.933325923361231,178.28101390688497,178.28101390688497,3.2691273431580971e-26,0.0060124330387521163,-0.0060124330387521163,0,0,1.7269091603943706e-17,57,57,0,2.265532745597884e-06,0.050882571378729508,-2.8938910522652684e-06,3.3943759630411971e-12,1.8831397015194997e-10
2.3290371191397668e-17,361,3873.4576159952139,-2.2392701222487207e-08,-7.7836289392369836e-20,0,5.999691665838827e-18,43.348774877666472,178.28101390688497,178.28101390688497,-9.5434591030433029e-27,0.0038174759837597242,0.0038174759837597242,0,0,1.7290679535102298e-17,58,58,0,1.0416414693991343e-06,0.050731846250618322,-2.8729637569641637e-06,3.5238445738117727e-12,1.9183781472576175e-10
2.321366913194448e-17,367,3371.8880582356478,-2.2110492885956142e-08,-7.6702059453185844e-20,0,5.9394530112541937e-18,39.450523563268483,178.28101390688497,178.28101390688497,1.6499760211551178e-27,0.012820628394805753,0.012820628394805753,0,0,1.7274216119040311e-17,59,59,0,-5.3623737295468647e-08,0.050576131583137528,-2.6509778334453344e-06,3.5166459159948272e-12,1.9535446064175659e-10
2.3139450966148928e-17,373,3692.5923328721915,-2.2052541469346219e-08,-7.4218165795552875e-20,0,5.8764353228452502e-18,33.895025616011708,178.28101390688497,178.28101390688497,3.8629575400287839e-26,0.018985121895975791,0.018985121895975791,0,0,1.7263015604674101e-17,60,60,0,-8.4780369098298258e-07,0.050401515355716422,-2.2812566254977477e-06,3.4167290580666508e-12,1.9877118969982324e-10
2.3063805791212821e-17,379,3906.7158897714967,-2.1674639134447301e-08,-7.5645174936105342e-20,0,5.8663120142693325e-18,37.371502115315067,178.28101390688497,178.28101390688497,6.5970898851975769e-26,0.021361314672600763,0.021361314672600763,0,0,1.7197493710972591e-17,61,61,0,-1.2868063105425487e-06,0.050215156805401777,-1.867428713629391e-06,3.5194916067688384e-12,2.0229068130659207e-10
2.2989844174054628e-17,385,3396.310938764173,-2.1256925713322324e-08,-7.396161715819317e-20,0,5.876281484466009e-18,37.02718712808857,178.28101390688497,178.28101390688497,6.0634142903784306e-26,0.019218300489729927,0.019218300489729927,0,0,1.7113562628954478e-17,62,62,0,-1.314592111039286e-06,0.050066293983566552,-1.5161315584189045e-06,3.5152218022168273e-12,2.0580590310880889e-10
2.2918564517815006e-17,391,3392.1034810024735,-2.1151788547236864e-08,-7.1279656239623796e-20,0,5.8539444280546312e-18,34.430958286198909,178.28101390688497,178.28101390688497,3.1665002552080834e-26,0.013231717557387494,0.013231717557387494,0,0,1.7064620058095372e-17,63,63,0,-9.971306450199337e-07,0.049952688546209809,-1.3473913200112535e-06,3.417522837314654e-12,2.0922342594612356e-10
2.2847333351862983e-17,397,3386.782162235193,-2.0900425112617079e-08,-7.1231165952022904e-20,0,5.850115394459896e-18,30.169495381597798,178.28101390688497,178.28101390688497,5.1877839542837724e-27,0.0045354916459836849,0.0045354916459836849,0,0,1.69972179522153e-17,64,64,0,-4.765914737277975e-07,0.049842347032299651,-1.4678333578411305e-06,3.4409101431317584e-12,2.1266433608925531e-10
2.2777536881612849e-17,403,3451.0959967331059,-2.0550948518150144e-08,-6.979647025013401e-20,0,5.8723456783665136e-18,33.882341449509134,178.28101390688497,178.28101390688497,1.115486252726309e-27,0.0050311907202693091,-0.0050311907202693091,0,0,1.6905191202130848e-17,65,65,0,9.2380902366712698e-08,0.049739985735450985,-1.8829252303032264e-06,3.4231998785962971e-12,2.160875359678516e-10
2.2708755665926168e-17,409,3469.8183301106137,-2.0274588590844308e-08,-6.8781215686679283e-20,0,5.9065704636014359e-18,33.327248500709466,178.28101390688497,178.28101390688497,1.8407951824509261e-26,0.013591640194217229,-0.013591640194217229,0,0,1.680218518391678e-17,66,66,0,5.6431599253788597e-07,0.049638634388336933,-2.5730523340968405e-06,3.4245216758396257e-12,2.1951205764369121e-10
2.2639434826400181e-17,415,3280.4627223241955,-1.9932546040611125e-08,-6.93208395259859e-20,0,5.9567723045797166e-18,33.665682715402298,178.28101390688497,178.28101390688497,3.5548037844293649e-26,0.019522598439083976,-0.019522598439083976,0,0,1.6682662486272429e-17,67,67,0,7.586942118251075e-07,0.049504427949234493,-3.540650393092777e-06,3.5096487035372369e-12,2.2302170634722846e-10
2.2571718140158318e-17,421,3205.9494238439588,-1.9586271616796082e-08,-6.7716686241865607e-20,0,6.0044758722773767e-18,38.937583981027366,178.28101390688497,178.28101390688497,2.8620471579188249e-26,0.021343748603705824,-0.021343748603705824,0,0,1.6567242239260468e-17,68,68,0,5.5872080914055309e-07,0.049332666617835988,-4.5964524139374588e-06,3.4891195676107662e-12,2.2651082591483922e-10
2.2503412260713688e-17,427,3293.6941785001209,-1.9290942447772452e-08,-6.8305879444629445e-20,0,6.0495269409937882e-18,36.76473898077834,178.28101390688497,178.28101390688497,-6.947036190349133e-28,0.018589626204097997,-0.018589626204097997,0,0,1.6453885320414602e-17,69,69,0,-1.5571041473497946e-08,0.049124287016399044,-5.5551383421832089e-06,3.5843844272304746e-12,2.3009521034206969e-10
2.243532894371967e-17,433,3173.3611583975467,-1.8934352964124088e-08,-6.8083316994017349e-20,0,6.0963279913811529e-18,31.899012445814705,178.28101390688497,178.28101390688497,-2.4404450604746952e-26,0.011626296606494731,-0.011626296606494731,0,0,1.6339000976742969e-17,70,70,0,-8.7461394025633739e-07,0.048856220801989439,-6.2885476693109501e-06,3.6386425989294431e-12,2.3373385294099912e-10
2.2368790909359809e-17,439,3276.8960828555109,-1.8707636144140173e-08,-6.6538034359861469e-20,0,6.1024760961488899e-18,39.912013224228822,178.28101390688497,178.28101390688497,-9.4249984205225362e-27,0.0021060346995100546,-0.0021060346995100546,0,0,1.6266314822635917e-17,71,71,0,-1.8646808982143801e-06,0.048505187526451436,-6.6893263274902829e-06,3.613019985486013e-12,2.3734687292648511e-10
2.2303332257899899e-17,445,3545.1614465751841,-1.8624636839325718e-08,-6.5458651459910886e-20,0,6.0745849096720702e-18,40.270758221405075,178.28101390688497,178.28101390688497,5.2034977491215361e-26,0.0077825852070139223,0.0077825852070139223,0,0,1.622874729619285e-17,72,72,0,-2.7858661414620778e-06,0.048054080021484008,-6.6591450612114933e-06,3.5743990012919334e-12,2.4092127192777704e-10
2.2239137411262214e-17,451,3619.6857034016489,-1.8400377748825817e-08,-6.4194846637684544e-20,0,6.0578184651024595e-18,38.726950377849562,178.28101390688497,178.28101390688497,1.3138183511903272e-25,0.015886090131211183,0.015886090131211183,0,0,1.6181318814777919e-17,73,73,0,-3.4459348302520811e-06,0.047488807915045533,-6.1958286601477694e-06,3.5286958951384283e-12,2.4444996782291547e-10
2.2175784222561069e-17,457,3431.4817485415974,-1.8169776787239473e-08,-6.3353188701146611e-20,0,6.024815334210409e-18,47.395511445361628,178.28101390688497,178.28101390688497,1.8500440059561996e-25,0.020607165054105672,0.020607165054105672,0,0,1.6150968703346257e-17,74,74,0,-3.7406973114578676e-06,0.046796560353820543,-5.3988593936709124e-06,3.5282253231811501e-12,2.4797819314609663e-10
2.211415596421484e-17,463,3142.6689663028819,-1.7991828627072657e-08,-6.1628258346227174e-20,0,5.9635389480872919e-18,49.51721200909428,178.28101390688497,178.28101390688497,1.8445202203054008e-25,0.020976419382339177,0.020976419382339177,0,0,1.6150616831675526e-17,75,75,0,-3.6638764595395575e-06,0.045982864523009537,-4.4133015413550797e-06,3.4654764177468412e-12,2.5144366956384346e-10
2.2052564834891307e-17,469,3099.0384987593457,-1.7894991903239939e-08,-6.1591129323531289e-20,0,5.8838340671398205e-18,45.951064695751271,178.28101390688497,178.28101390688497,1.3415360893493358e-25,0.016993349738949136,0.016993349738949136,0,0,1.6168730633597878e-17,76,76,0,-3.2893654233124106e-06,0.045040345297991016,-3.3269838527437e-06,3.4903187587875719e-12,2.5493398832263101e-10
2.199259101714438e-17,475,3168.0448716454498,-1.7600564855976884e-08,-5.9973817746929856e-20,0,5.8292508229444133e-18,39.848449163114225,178.28101390688497,178.28101390688497,6.3784051364890297e-26,0.0096326881576683371,0.0096326881576683371,0,0,1.6163340130415915e-17,77,77,0,-2.7590105310144524e-06,0.04400886757693958,-2.3045722029241249e-06,3.4255345780364064e-12,2.5835952290066744e-10
2.1933826773255957e-17,481,2970.6511604059096,-1.724170176597525e-08,-5.8764243888421363e-20,0,5.7733245632888147e-18,42.230406223785678,178.28101390688497,178.28101390688497,1.7718249468080978e-27,0.00032710280005626198,0.00032710280005626198,0,0,1.6160502208195318e-17,78,78,0,-2.2569675171282145e-06,0.042888068412297378,-1.4911559852447801e-06,3.4291895011037275e-12,2.6178871240177115e-10
2.1876238727545e-17,487,3163.8581361733522,-1.7168421463528094e-08,-5.7588045710955997e-20,0,5.6742223673015464e-18,42.882433344125587,178.28101390688497,178.28101390688497,-4.2870020921683569e-26,0.0089652310319994748,-0.0089652310319994748,0,0,1.6202016403113477e-17,79,79,0,-1.9924203463457526e-06,0.041728894540327841,-9.7002908216326122e-07,3.3982500691650219e-12,2.6518696247093619e-10
2.1818028177640007e-17,493,3437.5380616271646,-1.6917175702694041e-08,-5.8210549904994548e-20,0,5.599800109319842e-18,38.119574447703947,178.28101390688497,178.28101390688497,-8.4306861032523856e-26,0.016602684993451602,-0.016602684993451602,0,0,1.6218228152627024e-17,80,80,0,-2.1157938476838173e-06,0.040531217229540249,-6.6644314307392056e-07,3.46419643015556e-12,2.6865115890109174e-10
2.1760677214677432e-17,499,3405.1752415703295,-1.6508422487454236e-08,-5.7350962962573558e-20,0,5.5527635060407143e-18,42.917455675626236,178.28101390688497,178.28101390688497,-1.3747029825053611e-25,0.020847921431976824,-0.020847921431976824,0,0,1.6207913846107019e-17,81,81,0,-2.7474820991201947e-06,0.039349158324080438,-5.3490120778080989e-07,3.4910112848294268e-12,2.7214217018592115e-10
2.1703614283961729e-17,505,3258.7452469347472,-1.6323721506856156e-08,-5.7062930715705295e-20,0,5.4723783434007164e-18,47.704606868131606,178.28101390688497,178.28101390688497,-1.9866814665843726e-25,0.020712010680277334,-0.020712010680277334,0,0,1.6231236139229159e-17,82,82,0,-3.9966372999114293e-06,0.038223134185295424,-5.3736858707019564e-07,3.5428898276068875e-12,2.7568506001352805e-10
2.1645906866187113e-17,511,3624.7978498389321,-1.6214204910490638e-08,-5.7707417774616777e-20,0,5.3784778259690909e-18,48.077982141508272,178.28101390688497,178.28101390688497,-2.2574063638814297e-25,0.015996853700087993,-0.015996853700087993,0,0,1.6267429265958658e-17,83,83,0,-5.8798186354928961e-06,0.037188703831556306,-5.1587423669461714e-07,3.6154664185145931e-12,2.7930052643204265e-10
2.1588036670770557e-17,517,3659.0520385951718,-1.5964778190475607e-08,-5.7870195416553186e-20,0,5.310304998848364e-18,43.7951532254569,178.28101390688497,178.28101390688497,-1.4925207769145873e-25,0.0075653836663854539,-0.0075653836663854539,0,0,1.6277731821174271e-17,84,84,0,-8.2201205447005736e-06,0.03628810965706869,-3.6267437586146114e-07,3.6702929132200876e-12,2.8297081934526275e-10
2.1530896371094014e-17,523,3323.2894076662242,-1.5701546850047827e-08,-5.7140299676545882e-20,0,5.2402339028306579e-18,43.023686303396801,178.28101390688497,178.28101390688497,6.888770728511673e-26,0.0026605615180073927,0.0026605615180073927,0,0,1.6290662399375648e-17,85,85,0,-1.0788403566100945e-05,0.035563144435009721,-1.4943773466248483e-07,3.6898004756873557e-12,2.8666061982095013e-10
2.1474238944568338e-17,529,3181.631441618239,-1.553203471362103e-08,-5.6657426525674352e-20,0,5.1449656862748602e-18,44.826456682526754,178.28101390688497,178.28101390688497,3.9573773647172301e-25,0.012314202197562156,0.012314202197562156,0,0,1.6329272862555739e-17,86,86,0,-1.3390288780775542e-05,0.035044347927739701,1.0520547268344672e-07,3.7097403881225682e-12,2.9037036020907269e-10
2.1419256952376657e-17,535,2782.6107767440785,-1.5310447020178022e-08,-5.4981992191679702e-20,0,5.0559299237880988e-18,40.899018393732248,178.28101390688497,178.28101390688497,7.1579238012165301e-25,0.018981767017703852,0.018981767017703852,0,0,1.636332631279618e-17,87,87,0,-1.5712279303204267e-05,0.03475752964991901,3.8942797214908448e-07,3.6363296921887222e-12,2.9400668990126141e-10
2.1365714031822066e-17,541,2582.0724131998668,-1.5048403692076041e-08,-5.3542920554590865e-20,0,4.9705792842672712e-18,46.368757002788634,178.28101390688497,178.28101390688497,9.0338942480883562e-25,0.021362777424217518,0.021362777424217518,0,0,1.6395133844165371e-17,88,88,0,-1.7620005716603871e-05,0.034696374684556962,5.91416268140844e-07,3.595536294093746e-12,2.9760222619535516e-10
2.1312815915324784e-17,547,2645.6530385776155,-1.4813751284333417e-08,-5.289811649728334e-20,0,4.8692902216154994e-18,50.851888429567317,178.28101390688497,178.28101390688497,8.7265003236710651e-25,0.018998889600909823,0.018998889600909823,0,0,1.644352482105925e-17,89,89,0,-1.9138180587987105e-05,0.034857129103098392,6.3777663605014828e-07,3.6159165385114058e-12,3.0121814273386657e-10
2.1260111776235805e-17,553,2791.9389863548136,-1.4745010795387829e-08,-5.2704139088978243e-20,0,4.7428055112502292e-18,50.018699806797066,178.28101390688497,178.28101390688497,6.0093294862326901e-25,0.012331071366354689,0.012331071366354689,0,0,1.6517305664052627e-17,90,90,0,-2.0305512891331066e-05,0.035244923753438163,5.3036239889021692e-07,3.6422659998473934e-12,3.0486040873371396e-10
2.1207544657018497e-17,559,2844.4185503421299,-1.4585266265106302e-08,-5.2567119217310341e-20,0,4.6347710396207852e-18,43.759804809007363,178.28101390688497,178.28101390688497,1.4456739212065241e-25,0.0028391854306858968,0.0028391854306858968,0,0,1.6572773472830319e-17,91,91,0,-2.1216089915266881e-05,0.035835290458083653,2.2937298096763697e-07,3.6531651689112002e-12,3.0851357390262514e-10
2.1155895957901343e-17,565,2690.3570346082429,-1.4395183981106359e-08,-5.1648699117153424e-20,0,4.5335553387429177e-18,35.215677308387981,178.28101390688497,178.28101390688497,-3.8503745866729229e-25,0.0072724467829645935,-0.0072724467829645935,0,0,1.6622341004195882e-17,92,92,0,-2.2060288542816416e-05,0.036593328469045172,-2.8776615883175208e-07,3.6428791102920552e-12,3.1215645301291717e-10
2.1105232564041067e-17,571,2683.7766475813501,-1.4482104327872543e-08,-5.0663393860275537e-20,0,4.4048712561002715e-18,35.601579919379382,178.28101390688497,178.28101390688497,-8.6157735256108386e-25,0.015606238027605315,-0.015606238027605315,0,0,1.6700362169518145e-17,93,93,0,-2.3003017314753184e-05,0.037485574215961534,-9.3987903750658009e-07,3.5751660099838556e-12,3.1573161902290105e-10
2.1053825107426594e-17,577,2606.9511210111446,-1.4381615669843464e-08,-5.1407456614472469e-20,0,4.3159066338473157e-18,31.557424799463003,178.28101390688497,178.28101390688497,-1.192887234683298e-24,0.020568902712332464,-0.020568902712332464,0,0,1.6737919666466513e-17,94,94,0,-2.4164456156746796e-05,0.038494368152599233,-1.6659683934488809e-06,3.6242779915074671e-12,3.1935589701440853e-10
2.1001564002538631e-17,583,2254.1222646526608,-1.4214704381483442e-08,-5.2261104887963276e-20,0,4.2544911926504038e-18,31.385254565648431,178.28101390688497,178.28101390688497,-1.2816339796326501e-24,0.020847138357446438,-0.020847138357446438,0,0,1.6747074091522206e-17,95,95,0,-2.5615705571876219e-05,0.039595824694521845,-2.413857824541895e-06,3.7413005568509055e-12,3.2309719757125941e-10
2.09503859797402e-17,589,2245.9415701433968,-1.4192662767098137e-08,-5.117802279843195e-20,0,4.1972426096257347e-18,32.525052726655453,178.28101390688497,178.28101390688497,-1.0654761083265319e-24,0.016268211378161913,-0.016268211378161913,0,0,1.6753144435590571e-17,96,96,0,-2.7289317070556184e-05,0.04070145866800251,-3.0467297154761036e-06,3.6755092748798475e-12,3.2677270684613928e-10
2.0899839322871023e-17,595,2285.2139118070804,-1.400097924124876e-08,-5.0546656869173802e-20,0,4.1889913318532998e-18,31.286119596345472,178.28101390688497,178.28101390688497,-5.587235825669102e-25,0.0079985896504723951,-0.0079985896504723951,0,0,1.6710848549741308e-17,97,97,0,-2.9105317675930758e-05,0.041789855810177523,-3.4347932614403061e-06,3.6521297880803088e-12,3.304248366342196e-10
2.0849428516622004e-17,601,2440.5773915842583,-1.3786878882078418e-08,-5.0410806249021674e-20,0,4.2092668098817904e-18,32.488420650810092,178.28101390688497,178.28101390688497,1.6678191074259234e-25,0.0022464501942537668,0.0022464501942537668,0,0,1.6640161539958302e-17,98,98,0,-3.0934343876050165e-05,0.042854294111947452,-3.5054125125033654e-06,3.7069371197681387e-12,3.3413177375398771e-10
2.0799694529165956e-17,607,2276.9603419316159,-1.3603493136109441e-08,-4.9733987456046419e-20,0,4.2418334157749342e-18,29.531863143472691,178.28101390688497,178.28101390688497,9.3556480195416246e-25,0.011965337295927875,0.011965337295927875,0,0,1.6557860177826219e-17,99,99,0,-3.2578995296095187e-05,0.043849745688323678,-3.2790107481198601e-06,3.7072164708026327e-12,3.3783899022479036e-10
2.0750459071497386e-17,613,2273.0568361147189,-1.3420123532615212e-08,-4.9235457668572733e-20,0,4.2846967231674784e-18,31.085712814334052,178.28101390688497,178.28101390688497,1.5365002349137922e-24,0.018900411524184962,0.018900411524184962,0,0,1.6465760811829671e-17,100,100,0,-3.3872724432206406e-05,0.044774135550599801,-2.7876625562079183e-06,3.7243357390954919e-12,3.4156332596388584e-10
2.0702421400351549e-17,619,2265.8260409393365,-1.3328584726171099e-08,-4.803767114583466e-20,0,4.3233252912403897e-18,30.871684890530293,178.28101390688497,178.28101390688497,1.7758460207112443e-24,0.021362809920363456,0.021362809920363456,0,0,1.6379094333265139e-17,101,101,0,-3.4636634633690121e-05,0.04559239861677674,-2.1610709864530753e-06,3.6643666205611183e-12,3.4522769258444694e-10
2.0655520301270918e-17,625,2091.0527139490227,-1.3165810667648469e-08,-4.6901099080629603e-20,0,4.3775361367377136e-18,34.159532627630149,178.28101390688497,178.28101390688497,1.5908064627830965e-24,0.019008123512910625,0.019008123512910625,0,0,1.6277982573726742e-17,102,102,0,-3.4871197344126804e-05,0.046273576008652728,-1.6151848984143362e-06,3.6023267084952323e-12,3.4883001929294215e-10
2.0608613821128587e-17,631,2169.6060562477155,-1.2975190527520301e-08,-4.6906480142332464e-20,0,4.439975692191981e-18,37.722631985789249,178.28101390688497,178.28101390688497,1.0238405978128666e-24,0.012300812292336346,0.012300812292336346,0,0,1.6168637105096007e-17,103,103,0,-3.4680656768850364e-05,0.046843622693798763,-1.2309162238821107e-06,3.6625750481277763e-12,3.5249259434106991e-10
2.0562017094769646e-17,637,1957.4055472725079,-1.2877280724095012e-08,-4.6596726358941937e-20,0,4.4924755030190048e-18,38.270897780264349,178.28101390688497,178.28101390688497,2.2441844069459202e-25,0.0027361176754128005,0.0027361176754128005,0,0,1.6069541367332198e-17,104,104,0,-3.4175315068820491e-05,0.04729616211103007,-1.055815502776956e-06,3.6769075030631028e-12,3.5616950184413302e-10
2.0514209747510183e-17,643,1994.2158303314673,-1.2583728142461591e-08,-4.7807347259460215e-20,0,4.5695006840309123e-18,33.79727735185336,178.28101390688497,178.28101390688497,-6.3580119554290963e-25,0.0078961147056916762,-0.0078961147056916762,0,0,1.5944709699280469e-17,105,105,0,-3.3550318692584213e-05,0.047620497288621083,-1.1945190431807472e-06,3.842686205829781e-12,3.6001218804996282e-10
2.046798425095919e-17,649,1988.6802902919305,-1.2299346546315546e-08,-4.6225496550993669e-20,0,4.6292360229983069e-18,33.658402649996944,178.28101390688497,178.28101390688497,-1.3114836640519652e-24,0.016485959498556055,-0.016485959498556055,0,0,1.5838749539444548e-17,106,106,0,-3.3146479993251462e-05,0.047828501805891675,-1.6004026076443066e-06,3.8116089356258272e-12,3.6382379698558863e-10
2.0423575939365592e-17,655,2046.7312855347707,-1.2160581758232734e-08,-4.440831159359954e-20,0,4.6472136611717214e-18,34.135584896566023,178.28101390688497,178.28101390688497,-1.6652146223414749e-24,0.020936253721604431,-0.020936253721604431,0,0,1.5776363943408494e-17,107,107,0,-3.3140572100533171e-05,0.047952112273383418,-2.1212617564603354e-06,3.7067362491806234e-12,3.6753053323476925e-10
2.0379400645018715e-17,661,2050.3150248797565,-1.1856749027371613e-08,-4.4175294346878608e-20,0,4.663266701378267e-18,35.472230116781553,178.28101390688497,178.28101390688497,-1.6498240837234915e-24,0.020434582473645799,-0.020434582473645799,0,0,1.5716135593464529e-17,108,108,0,-3.3640359544325624e-05,0.047983857067700808,-2.72035625299571e-06,3.7594368162890221e-12,3.7128997005105828e-10
2.0336519176845412e-17,667,1956.0484637641546,-1.1657285289925428e-08,-4.2881468173299927e-20,0,4.6397488138624477e-18,41.365131162114949,178.28101390688497,178.28101390688497,-1.2529137527761027e-24,0.01505539618555911,-0.01505539618555911,0,0,1.5696771615896719e-17,109,109,0,-3.4675101907358816e-05,0.047950159012529803,-3.2492426671863964e-06,3.7352772882840875e-12,3.7502524733934237e-10
2.0292695877063157e-17,673,1865.3101263558501,-1.1593493039597149e-08,-4.3823299782254445e-20,0,4.572160482899743e-18,41.654207031894622,178.28101390688497,178.28101390688497,-4.9772150919851826e-25,0.0057386638854850297,-0.0057386638854850297,0,0,1.5720535891884924e-17,110,110,0,-3.61380220735011e-05,0.047858504052559321,-3.5906782907726605e-06,3.8659341651179332e-12,3.7889118150446028e-10
2.024975384230565e-17,679,2002.90286526969,-1.1402986476168014e-08,-4.2942034757508118e-20,0,4.5025859206069116e-18,37.682360677105933,178.28101390688497,178.28101390688497,4.46120286544844e-25,0.0049242032481395239,0.0049242032481395239,0,0,1.5747167475578452e-17,111,111,0,-3.7748939952297757e-05,0.047684123232927249,-3.7313180947206882e-06,3.823991259643163e-12,3.8271517276410347e-10
2.0207857147966612e-17,685,1839.0018783953319,-1.130943428197161e-08,-4.1896694339039048e-20,0,4.4085368487296765e-18,34.032771622728418,178.28101390688497,178.28101390688497,1.3454323343312354e-24,0.014267427478671605,0.014267427478671605,0,0,1.5799318953804602e-17,112,112,0,-3.9292073277399566e-05,0.047437877322662136,-3.6910818944723482e-06,3.7798384702725135e-12,3.86495011234376e-10
2.0166890266709387e-17,691,1954.4621736932284,-1.1306997019689723e-08,-4.0966881257224262e-20,0,4.2990201053669973e-18,32.941549489127098,178.28101390688497,178.28101390688497,1.9514656992557232e-24,0.020053374607229973,0.020053374607229973,0,0,1.5867868209876689e-17,113,113,0,-4.0547325522527102e-05,0.047115430781240523,-3.5325618645398937e-06,3.6948090648042448e-12,3.9018982029918027e-10
2.0125807246648871e-17,697,1772.1423833128104,-1.122291938588046e-08,-4.1083020060517246e-20,0,4.2016980596403758e-18,32.521092687785661,178.28101390688497,178.28101390688497,2.1052501646543746e-24,0.021156425136633027,0.021156425136633027,0,0,1.5924107081758328e-17,114,114,0,-4.146199383597821e-05,0.046668625232553593,-3.3976791615655264e-06,3.7217015581588365e-12,3.9391152185733908e-10
2.0085120545518409e-17,703,2008.4681003003047,-1.1178688021597592e-08,-4.0686701130460306e-20,0,4.1123381485819738e-18,31.777033984801108,178.28101390688497,178.28101390688497,1.7442579783067046e-24,0.017283341324444493,0.017283341324444493,0,0,1.5972780652678457e-17,115,115,0,-4.205055862663935e-05,0.046080700175240429,-3.3849479339873445e-06,3.7072548932605229e-12,3.976187767505996e-10
2.0044137017083395e-17,709,1981.4134845481535,-1.1115379847391385e-08,-4.0983528435015516e-20,0,4.040768654503754e-18,31.777098910807535,178.28101390688497,178.28101390688497,9.4073463141395724e-25,0.0092444551331946449,0.0092444551331946449,0,0,1.600336742184501e-17,116,116,0,-4.2400850828119243e-05,0.045315649002529906,-3.5335735690565827e-06,3.7514232365746891e-12,4.013701999871743e-10
2.0003167440087109e-17,715,1738.5058859557621,-1.1029975341974725e-08,-4.0969576996284885e-20,0,3.9886229488313833e-18,31.976306266750704,178.28101390688497,178.28101390688497,-1.1231886768096934e-25,0.0010968301859522157,-0.0010968301859522157,0,0,1.6014544603574594e-17,117,117,0,-4.2667979783803843e-05,0.044331372427797167,-3.8850768281143855e-06,3.7809940483074075e-12,4.051511940354817e-10
1.9963195816429711e-17,721,1824.2371605312821,-1.0963353759807748e-08,-3.9971623657399691e-20,0,3.9547704635192704e-18,30.554100832497056,178.28101390688497,178.28101390688497,-1.1352280095664076e-24,0.010984741966577999,-0.010984741966577999,0,0,1.6008426488138449e-17,118,118,0,-4.3060790330118811e-05,0.04313166920844231,-4.3754435814720397e-06,3.7038215620840295e-12,4.0885501559756571e-10
1.9923568250358691e-17,727,1870.6960273599843,-1.083970434325609e-08,-3.9627566071018851e-20,0,3.9451615617954875e-18,31.729325410433091,178.28101390688497,178.28101390688497,-1.9205379767766862e-24,0.018299862085638798,-0.018299862085638798,0,0,1.597840860910118e-17,119,119,0,-4.3728425561124458e-05,0.041688055290288031,-4.8622641963694996e-06,3.7030993232347092e-12,4.125581149208004e-10
1.9884826702560546e-17,733,1853.1121799231714,-1.0729829139827546e-08,-3.874154779814405e-20,0,3.9448179569186432e-18,32.119429249371215,178.28101390688497,178.28101390688497,-2.2896373830982726e-24,0.021325052515260425,-0.021325052515260425,0,0,1.5940011035279286e-17,120,120,0,-4.473684534231822e-05,0.040007845239647899,-5.2350597500833649e-06,3.6577690493014112e-12,4.1621588397010183e-10
1.9846074668397914e-17,739,1833.6772001287561,-1.0664647220964591e-08,-3.8752034162634326e-20,0,3.947612492587855e-18,38.164245387974276,178.28101390688497,178.28101390688497,-2.1534978775101884e-24,0.019442040903025586,-0.019442040903025586,0,0,1.5898464329307937e-17,121,121,0,-4.6152087981517736e-05,0.038046729366030187,-5.4160288193633339e-06,3.6892188960933121e-12,4.1990510286619513e-10
1.980767706525348e-17,745,1998.3095979543052,-1.055951235986158e-08,-3.8397603144430939e-20,0,3.9616184636984377e-18,42.298319907291649,178.28101390688497,178.28101390688497,-1.5012183746254306e-24,0.013060363535745625,-0.013060363535745625,0,0,1.584606010277342e-17,122,122,0,-4.7893586911379052e-05,0.035834263191565269,-5.2871968745204385e-06,3.6811603781574088e-12,4.2358626324435257e-10
1.9769266334477501e-17,751,2002.6904930310141,-1.0477563540683758e-08,-3.8410730775979066e-20,0,3.9713145544575077e-18,42.826355263670692,178.28101390688497,178.28101390688497,-4.230671521973112e-25,0.0035383266048234019,-0.0035383266048234019,0,0,1.5797952203087147e-17,123,123,0,-4.9819589814509575e-05,0.033351599378457886,-4.8253080649967526e-06,3.7240757383818032e-12,4.2731033898273438e-10
1.973076138149884e-17,757,2054.4062024593381,-1.0521439368362414e-08,-3.8504952978662797e-20,0,3.9615101875254935e-18,41.625089932739122,178.28101390688497,178.28101390688497,8.5137881501409737e-25,0.0068551750662974847,0.0068551750662974847,0,0,1.5769250342594533e-17,124,124,0,-5.1747937797630829e-05,0.030628304312416289,-4.1169366276554378e-06,3.7368722521614606e-12,4.3104721123489582e-10
1.9691733683205124e-17,763,2002.9657822338734,-1.0481954542281145e-08,-3.9027698293716539e-20,0,3.9642163583239307e-18,40.454983405860133,178.28101390688497,178.28101390688497,2.0171871389613619e-24,0.015706927263526699,0.015706927263526699,0,0,1.5727515307694052e-17,125,125,0,-5.351107999239738e-05,0.027663855241709494,-3.2395640117291504e-06,3.7845314790562981e-12,4.3483174271395212e-10
1.9652622123397877e-17,769,1957.8999628022102,-1.0453025968811889e-08,-3.9111559807248053e-20,0,3.9694051022912605e-18,38.384667297017025,178.28101390688497,178.28101390688497,2.7340410605363886e-24,0.020743201969380985,0.020743201969380985,0,0,1.5683214287065555e-17,126,126,0,-5.4918415050193045e-05,0.024517539414211309,-2.3175526572904651e-06,3.8146321140868094e-12,4.3864637482803893e-10
1.9612956763942615e-17,775,1990.4379736020405,-1.0467084696023881e-08,-3.966535945525864e-20,0,3.9768799015576583e-18,34.872083339655681,178.28101390688497,178.28101390688497,2.7630075935687765e-24,0.020595394647069058,0.020595394647069058,0,0,1.5636074099377363e-17,127,127,0,-5.5898572652529304e-05,0.021212534759981212,-1.5195957377545043e-06,3.8674025111117184e-12,4.4251377733915068e-10
1.9573110445873919e-17,781,2052.40485731323,-1.0323253649121524e-08,-3.9846318068697192e-20,0,4.020328335959199e-18,33.032475266399793,178.28101390688497,178.28101390688497,2.0476237219078234e-24,0.015110406803289983,0.015110406803289983,0,0,1.5552780062290999e-17,128,128,0,-5.6462844574721529e-05,0.017812692438126096,-9.3170529992391492e-07,3.91248343330547e-12,4.4642626077245617e-10
1.9533325039678883e-17,787,2121.3241138443896,-1.0179827498476984e-08,-3.9785406195035845e-20,0,4.0791596651209346e-18,34.90157388882777,178.28101390688497,178.28101390688497,7.5158562004292714e-25,0.0055245281898447891,0.0055245281898447891,0,0,1.545416462297233e-17,129,129,0,-5.6685505848908798e-05,0.014392331571686765,-5.4421985131772092e-07,3.9722463838143927e-12,4.5039850715627056e-10
1.9494642983546275e-17,793,2256.3357093448449,-1.0020970012637443e-08,-3.868205613260709e-20,0,4.1454418933569362e-18,36.168035247681701,178.28101390688497,178.28101390688497,-7.3192317991585868e-25,0.0053726632645598876,-0.0053726632645598876,0,0,1.534920182211252e-17,130,130,0,-5.6762908191764729e-05,0.011127908590089055,-3.5185581284382352e-07,3.9091710185735762e-12,4.5430767817484414e-10
1.945660460835815e-17,799,2136.9534274634343,-9.8374778410491447e-09,-3.8038375188124439e-20,0,4.2173421874858999e-18,32.990545333709889,178.28101390688497,178.28101390688497,-2.0344829232212357e-24,0.014881472548500608,-0.014881472548500608,0,0,1.5239264455355173e-17,131,131,0,-5.6963530675144869e-05,0.0080342038855267962,-2.6604716330719387e-07,3.9139252445450994e-12,4.5822160341938923e-10
1.9419449925360903e-17,805,2008.864788713614,-9.696201582857601e-09,-3.7154682997248552e-20,0,4.2784937783082123e-18,31.311465765947574,178.28101390688497,178.28101390688497,-2.8256985969741284e-24,0.020484460080721332,-0.020484460080721332,0,0,1.5140958972751287e-17,132,132,0,-5.7476468052652974e-05,0.0052111503141757361,-1.7662508085326407e-07,3.8832669166444702e-12,4.6210487033603372e-10
1.9381809957003821e-17,811,1897.7421523911271,-9.565545021648205e-09,-3.7639968357083282e-20,0,4.3285472435015058e-18,32.854845084824788,178.28101390688497,178.28101390688497,-2.9110018813760185e-24,0.020750203940109842,-0.020750203940109842,0,0,1.5053265624504195e-17,133,133,0,-5.8453278535235056e-05,0.0026106649091552211,-5.3190368127203934e-08,4.0002412824712959e-12,4.66105111618505e-10
1.9344312719336785e-17,817,1959.7180225525415,-9.4612817179058033e-09,-3.7497237667036056e-20,0,4.3612774775801627e-18,36.380208472847492,178.28101390688497,178.28101390688497,-2.1991317283804544e-24,0.015292404362804168,-0.015292404362804168,0,0,1.4983037440888351e-17,134,134,0,-5.9918954867186647e-05,0.00034665408053671088,1.0182662453002801e-07,4.0387744606943369e-12,4.7014388607919931e-10
1.9307415542408016e-17,823,1910.6330583441384,-9.3381705471106114e-09,-3.6897176928767014e-20,0,4.3757771308857953e-18,42.641986176321964,178.28101390688497,178.28101390688497,-8.3782266531792657e-25,0.005658516857436297,-0.005658516857436297,0,0,1.4931639249344886e-17,135,135,0,-6.1693335199132564e-05,-0.0015074455272205136,2.7910436765564857e-07,4.014893151399251e-12,4.7415877923059856e-10
1.9271255777348891e-17,829,1789.0796679835764,-9.1709771056586177e-09,-3.6159765059125161e-20,0,4.3699323055978776e-18,43.480969387215218,178.28101390688497,178.28101390688497,8.3545452775593885e-25,0.0054806232562368586,0.0054806232562368586,0,0,1.4901322636296486e-17,136,136,0,-6.3515778581450387e-05,-0.0029460807578859404,4.1537221273630469e-07,3.9980222792907576e-12,4.7815680150988932e-10
1.9235915640030843e-17,835,1721.447041123165,-9.0528964694879097e-09,-3.5340137318048145e-20,0,4.3292706044948978e-18,41.287037054778118,178.28101390688497,178.28101390688497,2.3534846290952955e-24,0.015061808816652417,0.015061808816652417,0,0,1.4906642682051319e-17,137,137,0,-6.5106296819541598e-05,-0.0039649289437134784,4.6452159807151473e-07,3.9640156162984483e-12,4.8212081712618773e-10
1.9201256308862858e-17,841,1754.1985735280209,-8.8562989715829638e-09,-3.4659331167986353e-20,0,4.2730098882987596e-18,40.605531980608454,178.28101390688497,178.28101390688497,3.2755922618799385e-24,0.020605674014718231,0.020605674014718231,0,0,1.4928243144971837e-17,138,138,0,-6.623564500450157e-05,-0.004582715575358322,4.2211456781648545e-07,3.9506085091213826e-12,4.8607142563530914e-10
1.9166866466411921e-17,847,1605.6543610713481,-8.6742021717530911e-09,-3.4389842450935959e-20,0,4.1931178948132154e-18,42.085444333118261,178.28101390688497,178.28101390688497,3.3063524200435147e-24,0.020625711879944723,0.020625711879944723,0,0,1.4973745265246286e-17,139,139,0,-6.6792693008780482e-05,-0.0048124352369086553,3.0085280036146288e-07,4.0205075096537624e-12,4.9009193314496295e-10
1.9133017091509853e-17,853,1651.5490966766097,-8.5327689210550803e-09,-3.3849374902067939e-20,0,4.0956714110826862e-18,42.287205427440178,178.28101390688497,178.28101390688497,2.398914321438335e-24,0.014966776667114679,0.014966776667114679,0,0,1.5037343281512846e-17,140,140,0,-6.6784429016566524e-05,-0.004660248998794368,1.3532334639666565e-07,4.0251198968982133e-12,4.941170530418612e-10
1.9099631375945382e-17,859,1730.3600017484353,-8.370619782849466e-09,-3.3385715564472545e-20,0,3.9994181326353249e-18,40.235201927579041,178.28101390688497,178.28101390688497,8.1518604058162577e-25,0.0051165340098667323,0.0051165340098667323,0,0,1.5100212428124017e-17,141,141,0,-6.638494918381795e-05,-0.0041474179521039248,-3.3642679381979784e-08,4.0499564648961155e-12,4.9816700950675733e-10
1.9067851035400846e-17,865,1573.5636257287758,-8.3238102464597469e-09,-3.1780340544534946e-20,0,3.901160452019629e-18,38.846368716330879,178.28101390688497,178.28101390688497,-9.0417864524738106e-25,0.0057166426469942968,-0.0057166426469942968,0,0,1.5166691487559862e-17,142,142,0,-6.5902510520610954e-05,-0.0033371111144911174,-1.6615075767429517e-07,3.8860806512276515e-12,5.0205309015798504e-10
1.9036241713667217e-17,871,1766.0429059660516,-8.2727837205387139e-09,-3.1609321733628385e-20,0,3.8179466350441145e-18,39.008575094534493,178.28101390688497,178.28101390688497,-2.373271971726463e-24,0.015073540612073057,-0.015073540612073057,0,0,1.5218297451895076e-17,143,143,0,-6.560259112322082e-05,-0.0022512731361494058,-2.681887480413328e-07,3.8831220137798415e-12,5.0593621217176485e-10
1.9005114667515889e-17,877,1848.8672942122873,-8.2615811635081633e-09,-3.1127046151327861e-20,0,3.7480952382751223e-18,37.604105100281181,178.28101390688497,178.28101390688497,-3.2356834775794351e-24,0.020524229123690917,-0.020524229123690917,0,0,1.5257022664924244e-17,144,144,0,-6.5688286798332504e-05,-0.00093100655517888025,-3.545831971381085e-07,3.837983023079505e-12,5.0977419519484432e-10
1.897321137881071e-17,883,1679.4628228710521,-8.2942377922971413e-09,-3.190328870517883e-20,0,3.6879159552956856e-18,31.962392772826838,178.28101390688497,178.28101390688497,-3.3020935543716576e-24,0.020763068447328212,-0.020763068447328212,0,0,1.5285298725608578e-17,145,145,0,-6.6265365247499824e-05,0.00065627598354505063,-4.600669219145281e-07,3.9306686841079689e-12,5.1370486387895226e-10
1.8940719463895998e-17,889,1870.1842086680826,-8.248532886451976e-09,-3.2491914914713066e-20,0,3.6509893447305547e-18,31.552121289031849,178.28101390688497,178.28101390688497,-2.4864512210860158e-24,0.015384162177997438,-0.015384162177997438,0,0,1.5289732605616664e-17,146,146,0,-6.7343371067695948e-05,0.0024900161470801496,-6.3470369979192891e-07,4.0113022304257028e-12,5.1771616610937796e-10
1.8907396259696674e-17,895,1764.5696369511797,-8.2017058390591775e-09,-3.3323204199322973e-20,0,3.625609185376295e-18,30.085928791893409,178.28101390688497,178.28101390688497,-8.917006259697148e-25,0.0053985480098247274,-0.0053985480098247274,0,0,1.5281787966021007e-17,147,147,0,-6.8822566143941758e-05,0.0045858972516446099,-8.7592560017356548e-07,4.1571423718495e-12,5.2187330848122747e-10
1.8875349104998369e-17,901,1762.8415457980821,-8.129373346330642e-09,-3.2047154698306961e-20,0,3.6107183919131767e-18,32.914986270747605,178.28101390688497,178.28101390688497,9.7157105049623307e-25,0.0057576468807374031,0.0057576468807374031,0,0,1.526462974151414e-17,148,148,0,-7.0310194325133536e-05,0.0067486917164324874,-1.0993205576569744e-06,4.0044071795845293e-12,5.2587771566081195e-10
1.8843578253351297e-17,907,1790.4091102887833,-7.9897114439078964e-09,-3.1770851647070899e-20,0,3.6080725811849387e-18,36.589848098676448,178.28101390688497,178.28101390688497,2.6420767960399121e-24,0.015390047789066814,0.015390047789066814,0,0,1.5235503030089564e-17,149,149,0,-7.1530988517409816e-05,0.0090062050500046807,-1.2586779283622551e-06,4.0281758649482255e-12,5.2990589152576015e-10
1.8812596989969416e-17,913,1567.2497197555097,-7.8608110959931249e-09,-3.0981263381881627e-20,0,3.6081925831492254e-18,34.682504997626864,178.28101390688497,178.28101390688497,3.5943097008275855e-24,0.020751232803333988,0.020751232803333988,0,0,1.5204400812510489e-17,150,150,0,-7.2170605775794634e-05,0.011270643046327276,-1.2996810686824029e-06,3.9905326472725305e-12,5.3389642417303268e-10
1.878135351028427e-17,919,1703.4608326434607,-7.7032503979553038e-09,-3.1243479685143659e-20,0,3.608719425311297e-18,33.055575244478582,178.28101390688497,178.28101390688497,3.5265772752818848e-24,0.020391608381985921,0.020391608381985921,0,0,1.51726305583957e-17,151,151,0,-7.2059406521994001e-05,0.013579140999579263,-1.2272949846761912e-06,4.1119220942424365e-12,5.3800834626727508e-10
1.8749756496613364e-17,925,1537.1320351566897,-7.5960740406852236e-09,-3.1597013670905987e-20,0,3.596973196881117e-18,34.760078143680516,178.28101390688497,178.28101390688497,2.3712045977210493e-24,0.013881605258691176,0.013881605258691176,0,0,1.5152780928527652e-17,152,152,0,-7.1173462816812101e-05,0.01588449143878299,-1.100831292344495e-06,4.2500320984583533e-12,5.4225837836573344e-10
1.8719530710872511e-17,931,1529.8609689135635,-7.5180815494283854e-09,-3.0225785740853185e-20,0,3.574727471622874e-18,37.948083949914718,178.28101390688497,178.28101390688497,5.9555567974119762e-25,0.0035536539418963673,0.0035536539418963673,0,0,1.5144802643693959e-17,153,153,0,-6.9829027797738095e-05,0.017984965850935779,-1.0036603079375104e-06,4.0940655519151558e-12,5.4635244391764856e-10
1.868962204577527e-17,937,1517.5643447853683,-7.4545368307972056e-09,-2.9908665097242577e-20,0,3.540440452650921e-18,43.273193639343447,178.28101390688497,178.28101390688497,-1.2754696133517687e-24,0.0077721735544783576,-0.0077721735544783576,0,0,1.514918286859396e-17,154,154,0,-6.8377998574664823e-05,0.019927961227450185,-1.0263717095875715e-06,4.088671676018754e-12,5.5044111559366734e-10
1.8659708736965322e-17,943,1345.6377611103228,-7.385727210689142e-09,-2.9913308809945521e-20,0,3.4972800927333762e-18,44.714759890963059,178.28101390688497,178.28101390688497,-2.7345793540154372e-24,0.01695707155015547,-0.01695707155015547,0,0,1.51624313788113e-17,155,155,0,-6.7193681456334889e-05,0.021697755405698297,-1.2350008116648073e-06,4.1275064856357304e-12,5.5456862207930307e-10
1.8629616476595625e-17,949,1444.4543707061127,-7.3081962202382001e-09,-3.0092260369700729e-20,0,3.4442148283870604e-18,42.872099011808402,178.28101390688497,178.28101390688497,-3.3959552206532926e-24,0.021257536383067741,-0.021257536383067741,0,0,1.5185405044163785e-17,156,156,0,-6.6563750212642679e-05,0.023279663580704588,-1.6356773781987795e-06,4.2024108674980096e-12,5.5877103294680111e-10
1.8599267900659233e-17,955,1326.6812898423368,-7.2508797710408646e-09,-3.0348575936390459e-20,0,3.3775352541978756e-18,40.185342033087522,178.28101390688497,178.28101390688497,-3.0509585071045941e-24,0.019079842103001895,-0.019079842103001895,0,0,1.5221735697419865e-17,157,157,0,-6.6627003747234129e-05,0.02465019059745549,-2.1658517938312436e-06,4.2885464967862603e-12,5.6305957944358735e-10
1.856980905544737e-17,961,1391.794058935219,-7.2149146228154045e-09,-2.945884521186179e-20,0,3.3063095080347708e-18,38.525582166766178,178.28101390688497,178.28101390688497,-1.8132299203688293e-24,0.011232089304536032,-0.011232089304536032,0,0,1.526350136064252e-17,158,158,0,-6.7263751768367362e-05,0.025743005699626318,-2.6617533949169714e-06,4.1731480968499742e-12,5.6723272754043736e-10
1.8540504441477771e-17,967,1416.5850350585356,-7.1730189990735182e-09,-2.9304613969601932e-20,0,3.2401172498921763e-18,37.411662691850488,178.28101390688497,178.28101390688497,-1.0990223695074908e-26,6.7144102721568711e-05,-6.7144102721568711e-05,0,0,1.5300387202575817e-17,159,159,0,-6.8200477589831375e-05,0.026603106183412526,-2.9918305394788936e-06,4.1720234008673952e-12,5.7140475094130473e-10
1.8511831151326197e-17,973,1309.0844429489457,-7.1216413416858437e-09,-2.8673290151570712e-20,0,3.1856382373269604e-18,35.924319900994441,178.28101390688497,178.28101390688497,1.814744461141544e-24,0.010942502095610379,0.010942502095610379,0,0,1.5326191099254779e-17,160,160,0,-6.9101519823201629e-05,0.02723057463596117,-3.0553701030307398e-06,4.099471313853415e-12,5.7550422225515813e-10
1.8483110461142495e-17,979,1453.2541103840763,-7.0553980025853609e-09,-2.8720690183704915e-20,0,3.1455128836190076e-18,34.061371626679531,178.28101390688497,178.28101390688497,3.1596680333959814e-24,0.018886540001057637,0.018886540001057637,0,0,1.5337594417855453e-17,161,161,0,-6.9707227855067078e-05,0.027660046279015547,-2.8346506691410346e-06,4.143797528610273e-12,5.796480197837684e-10
1.845482795718129e-17,985,1344.191509134019,-6.9403834753853626e-09,-2.8282503961203596e-20,0,3.1291046058327747e-18,32.331418786420294,178.28101390688497,178.28101390688497,3.5746175851794952e-24,0.02132636405292598,0.02132636405292598,0,0,1.532571977673093e-17,162,162,0,-6.9839565250240271e-05,0.027898605327896446,-2.3827082754075551e-06,4.1281998556901181e-12,5.8377621963945848e-10
1.842653955923744e-17,991,1393.9381666810825,-6.7710446797949465e-09,-2.828839794385035e-20,0,3.138850669726527e-18,30.294453945051767,178.28101390688497,178.28101390688497,2.9072415799834839e-24,0.017431855389957601,0.017431855389957601,0,0,1.5287685982269334e-17,163,163,0,-6.9490632593504462e-05,0.027971291828907102,-1.7951002963727055e-06,4.2283613931020718e-12,5.8800458103256053e-10
1.8398823487738277e-17,997,1355.0049581210706,-6.5575766126742464e-09,-2.7716071499162892e-20,0,3.1741122198211166e-18,27.140304803299664,178.28101390688497,178.28101390688497,1.3475018501128153e-24,0.008157831893640272,0.008157831893640272,0,0,1.5224709920415312e-17,164,164,0,-6.8824549406512327e-05,0.027897448597281767,-1.2125534401042811e-06,4.2639922309907053e-12,5.9226857326355126e-10
1.8371282724528593e-17,1003,1219.8647944312215,-6.3232722061858557e-09,-2.7540763209685479e-20,0,3.2247521972034676e-18,26.904906952763387,178.28101390688497,178.28101390688497,-6.6178269592543398e-25,0.0040473198759041909,-0.0040473198759041909,0,0,1.514653118910782e-17,165,165,0,-6.8129724959619338e-05,0.027700247088890736,-7.3170889371405797e-07,4.4141050935327252e-12,5.9668267835708395e-10
1.8344945793213143e-17,1009,1290.1405468993848,-6.2041377023247693e-09,-2.633693131545022e-20,0,3.261875268658513e-18,27.025979151311489,178.28101390688497,178.28101390688497,-2.3994214442506499e-24,0.014748541922387256,-0.014748541922387256,0,0,1.5083072923976071e-17,166,166,0,-6.7786967712839445e-05,0.027429214581699383,-4.5250357440439984e-07,4.3306101458619696e-12,6.0101328850294594e-10
1.8319745075447548e-17,1015,1255.2624281798812,-6.1250891870836125e-09,-2.5200717765591373e-20,0,3.2930538581719678e-18,31.309128606383513,178.28101390688497,178.28101390688497,-3.3736551258309503e-24,0.020666900697876849,-0.020666900697876849,0,0,1.5026694590930706e-17,167,167,0,-6.8016470215482024e-05,0.027119529471772614,-3.7339470845473749e-07,4.1897768774262606e-12,6.0520306538037223e-10
1.8295016506505408e-17,1021,1440.0117651398791,-6.0757328879572985e-09,-2.472856894214188e-20,0,3.3232393058065348e-18,32.335714992680181,178.28101390688497,178.28101390688497,-3.3823810941220663e-24,0.020462089337689518,-0.020462089337689518,0,0,1.4971780583079968e-17,168,168,0,-6.8874953707105793e-05,0.026789792270754013,-4.4246476850780408e-07,4.1484282116804426e-12,6.0935149359205269e-10
1.8270567418216672e-17,1027,1370.6218419884335,-6.0153398798022219e-09,-2.4449088288735329e-20,0,3.3576112214182097e-18,29.634081274661895,178.28101390688497,178.28101390688497,-2.4128304324942767e-24,0.014306143852007076,-0.014306143852007076,0,0,1.4912958609628894e-17,169,169,0,-7.0273724627603469e-05,0.026446985654426981,-5.8269607155705067e-07,4.1350206531185479e-12,6.1348651424517123e-10
1.8246300860158177e-17,1033,1166.2140004621483,-5.9673410551018053e-09,-2.4266558058496754e-20,0,3.3888264402789726e-18,32.154697482210331,178.28101390688497,178.28101390688497,-6.8656632822199171e-25,0.0039738316337125535,-0.0039738316337125535,0,0,1.4857475106445533e-17,170,170,0,-7.1988279774924747e-05,0.026080669699339466,-6.9561519998625354e-07,4.1430647813173931e-12,6.1762957902648861e-10
1.8221754116138559e-17,1039,1200.4502622957782,-5.9429165253864366e-09,-2.4546744019614861e-20,0,3.4098446296757667e-18,33.369062810250156,178.28101390688497,178.28101390688497,1.3679139558504755e-24,0.0077297602627218465,0.0077297602627218465,0,0,1.4811908118548839e-17,171,171,0,-7.3736329316655177e-05,0.025660126563856425,-6.9538805895583214e-07,4.2239608886769878e-12,6.2185353991516563e-10
1.8196858901550583e-17,1045,1137.4253169766182,-5.946577337592761e-09,-2.4895214587977463e-20,0,3.4164015390852e-18,39.643804937850149,178.28101390688497,178.28101390688497,3.1062594781542946e-24,0.017215159553528606,0.017215159553528606,0,0,1.4780454256205906e-17,172,172,0,-7.5182270518013588e-05,0.025141877126818014,-5.3093290625175842e-07,4.2962055190958265e-12,6.261497454342615e-10
1.8171540597450652e-17,1051,1191.765031175174,-5.9312577776300598e-09,-2.5318304099932257e-20,0,3.4163963528006874e-18,41.881753967437994,178.28101390688497,178.28101390688497,3.8942205543734692e-24,0.021329272956971089,0.021329272956971089,0,0,1.4755140350429411e-17,173,173,0,-7.6073474277748424e-05,0.024468027378216128,-2.2954922892279077e-07,4.3777856987513838e-12,6.3052753113301291e-10
1.8146376151247845e-17,1057,1271.6263508343209,-5.8841457385529611e-09,-2.5164446202804926e-20,0,3.4155452951268843e-18,39.591828678402706,178.28101390688497,178.28101390688497,3.3944325132052201e-24,0.018529193097246575,0.018529193097246575,0,0,1.4730827461688449e-17,174,174,0,-7.6330732432873923e-05,0.023604812819220659,1.0992636057303874e-07,4.3728782227449667e-12,6.3490040935575784e-10
1.8121474456439882e-17,1063,1364.7734706813815,-5.8186495909498689e-09,-2.4901694807964354e-20,0,3.4142320424481605e-18,36.860878828946312,178.28101390688497,178.28101390688497,1.7799534799051705e-24,0.0097450329879653665,0.0097450329879653665,0,0,1.4707240634038242e-17,175,175,0,-7.6105158823899308e-05,0.022523086369887705,3.8480801685314267e-07,4.3667743580437572e-12,6.3926718371380164e-10
1.8097025051275407e-17,1069,1294.3007562998143,-5.7318281561544664e-09,-2.4449405164475674e-20,0,3.4144083830320497e-18,38.253109661686743,178.28101390688497,178.28101390688497,-3.8386501224726305e-25,0.0021131472775072269,-0.0021131472775072269,0,0,1.4682617052108369e-17,176,176,0,-7.568982853462299e-05,0.021215605767119707,5.247481685802874e-07,4.3408600072210284e-12,6.4360804372102263e-10
1.8073303889994467e-17,1075,1176.8573526214291,-5.666054572114893e-09,-2.3721161280938706e-20,0,3.4068648436058346e-18,42.245227238575922,178.28101390688497,178.28101390688497,-2.3751679888435049e-24,0.013122525954095521,-0.013122525954095521,0,0,1.4666441421556622e-17,177,177,0,-7.5416374267184489e-05,0.019711633871085633,5.2596021710021885e-07,4.2621718225282511e-12,6.4787021554355091e-10
1.8050318366305966e-17,1081,1154.6733729637444,-5.6291910763449117e-09,-2.2985523688502535e-20,0,3.3840891266588871e-18,44.373616542784241,178.28101390688497,178.28101390688497,-3.6224077767349898e-24,0.019984443560698662,-0.019984443560698662,0,0,1.4666232862054855e-17,178,178,0,-7.5525574132439988e-05,0.018052322210008093,4.3232119094308778e-07,4.1543083832035384e-12,6.5202452392675444e-10
1.8026957209224323e-17,1087,1146.2613274205535,-5.6321249024205576e-09,-2.3361157081642308e-20,0,3.3381563045431664e-18,42.956557289883584,178.28101390688497,178.28101390688497,-3.8272626663856315e-24,0.020941024589898095,-0.020941024589898095,0,0,1.4688804731943823e-17,179,179,0,-7.6151611914476375e-05,0.016193148544473037,2.9792666251557724e-07,4.2459309001737289e-12,6.5627045482692818e-10
1.8003198736248232e-17,1093,1110.7296644603769,-5.6778973923602566e-09,-2.375847297608987e-20,0,3.2697161195380793e-18,39.16241035515656,178.28101390688497,178.28101390688497,-2.8557864809210603e-24,0.015396181520831827,-0.015396181520831827,0,0,1.4733485472496635e-17,180,180,0,-7.7286113580005866e-05,0.014197980930605363,1.7794410984616359e-07,4.2967058916788545e-12,6.6056716071860705e-10
1.7978814931277691e-17,1099,1143.293780535668,-5.6589696905591137e-09,-2.4383804970543285e-20,0,3.2035058383580407e-18,35.995159112327869,178.28101390688497,178.28101390688497,-8.9599414394472499e-25,0.0047400808250931351,-0.0047400808250931351,0,0,1.4775309988913793e-17,181,181,0,-7.8760448837491369e-05,0.012099476513624034,9.2207430804749802e-08,4.4037727745458624e-12,6.6497093349315295e-10
1.7954352617330875e-17,1105,1083.8883076202483,-5.5519947134434293e-09,-2.4462313946814192e-20,0,3.1565212292631018e-18,35.351673499161912,178.28101390688497,178.28101390688497,1.4744792980393057e-24,0.0076583530303276411,0.0076583530303276411,0,0,1.4797829913588476e-17,182,182,0,-8.0221735894105706e-05,0.0099913032514573914,1.0759712981792595e-08,4.4744987749987658e-12,6.6944543226815169e-10
1.7931035685604397e-17,1111,1023.7548316180553,-5.3630676896788091e-09,-2.3316931726478799e-20,0,3.1343750839865777e-18,35.12629596292286,178.28101390688497,178.28101390688497,3.3721815438101002e-24,0.017295539322658367,0.017295539322658367,0,0,1.4796657229436276e-17,183,183,0,-8.1239192201045036e-05,0.0080326950086604069,-1.4599605391578128e-07,4.3717299757505198e-12,6.7381716224390217e-10
1.7909244471352834e-17,1117,975.80318125595056,-5.1593982595293519e-09,-2.1791214251561163e-20,0,3.1228241422235168e-18,33.29702983073939,178.28101390688497,178.28101390688497,4.1728958348905368e-24,0.02131215515575232,0.02131215515575232,0,0,1.4786416156233485e-17,184,184,0,-8.1582861290350556e-05,0.0062990985306766662,-4.4997940656600502e-07,4.2321482498880977e-12,6.780493104937903e-10
1.7888098659554983e-17,1123,1006.3014629700909,-5.0121156880222561e-09,-2.1145811797852248e-20,0,3.1047490580168123e-18,31.636966268985201,178.28101390688497,178.28101390688497,3.6692237391555385e-24,0.018822873028197858,0.018822873028197858,0,0,1.4783345932314431e-17,185,185,0,-8.1222628573123363e-05,0.0047772287095230416,-9.3605096008155668e-07,4.2554758597322694e-12,6.8230478635352259e-10
1.7867559976086757e-17,1129,989.23302264448,-4.9245269363043747e-09,-2.0538683468224764e-20,0,3.0800618311937206e-18,32.953900590421952,178.28101390688497,178.28101390688497,2.0471451465069337e-24,0.010623400029236134,0.010623400029236134,0,0,1.4787496097747892e-17,186,186,0,-8.029229267752109e-05,0.0035292494712121283,-1.5531544708428677e-06,4.2268944761580877e-12,6.8653168082968071e-10
1.7846772106804837e-17,1135,1015.1132000402821,-4.8721852616711984e-09,-2.0787869281922326e-20,0,3.0565912555985405e-18,35.634266110305006,178.28101390688497,178.28101390688497,-2.168164421881776e-25,0.0011429368774514173,-0.0011429368774514173,0,0,1.4790181068022738e-17,187,187,0,-7.9042146620135758e-05,0.0025435010196599348,-2.218487166927686e-06,4.3501785337441831e-12,6.9088185936342487e-10
1.7825689193690432e-17,1141,1056.6965300884751,-4.8120068840267768e-09,-2.1082913114403206e-20,0,3.0476986139161604e-18,36.375044519939244,178.28101390688497,178.28101390688497,-2.3952350138101347e-24,0.012817648487579179,-0.012817648487579179,0,0,1.4777992975009285e-17,188,188,0,-7.7862533837960417e-05,0.0018500633995124783,-2.8094410985580786e-06,4.4712797323900984e-12,6.9535313909581498e-10
1.7805692886777669e-17,1147,934.77395083311251,-4.7115433032105959e-09,-1.9996306912764826e-20,0,3.0575191701340298e-18,35.901425300501501,178.28101390688497,178.28101390688497,-3.70313311731042e-24,0.019987821779064389,-0.019987821779064389,0,0,1.4748177419776757e-17,189,189,0,-7.7195611871487148e-05,0.001475709996353481,-3.2124982061186471e-06,4.2938258658355526e-12,6.9964696496165054e-10
1.7786420847770242e-17,1153,911.73930912530454,-4.6236848956508723e-09,-1.9272039007427492e-20,0,3.0693094728340971e-18,36.720156873329465,178.28101390688497,178.28101390688497,-3.8823818988242185e-24,0.020953511793893487,-0.020953511793893487,0,0,1.4717115257318043e-17,190,190,0,-7.7202291454601417e-05,0.0013679642417929365,-3.4331295960678291e-06,4.2199671305592739e-12,7.0386693209220979e-10
1.7767344919649732e-17,1159,925.0862240627506,-4.5776178455111856e-09,-1.9075928120508351e-20,0,3.0709732407067267e-18,38.059138031868123,178.28101390688497,178.28101390688497,-2.9076174955981655e-24,0.015553904388914012,-0.015553904388914012,0,0,1.4696374586560501e-17,191,191,0,-7.7890879327800747e-05,0.0015015423542411009,-3.5005900099429315e-06,4.238108939401646e-12,7.0810504103161145e-10
1.7748199127254639e-17,1165,940.46618736584992,-4.5464426971122789e-09,-1.914579239509219e-20,0,3.0659932820720806e-18,37.575253472592401,178.28101390688497,178.28101390688497,-9.9971469758192772e-25,0.0052669992776073274,-0.0052669992776073274,0,0,1.4682206844897258e-17,192,192,0,-7.9086358038851369e-05,0.0018647414480669092,-3.451013214850391e-06,4.2926528146763161e-12,7.1239769384628778e-10
1.7728844640667755e-17,1171,978.49620796637043,-4.5081484404673182e-09,-1.9354486586883735e-20,0,3.062741003737926e-18,35.904271903165125,178.28101390688497,178.28101390688497,1.3301922280328872e-24,0.0068896100926063991,0.0068896100926063991,0,0,1.46661023067376e-17,193,193,0,-8.0446753042712804e-05,0.0024538358588976411,-3.3278208719051086e-06,4.3767053385521014e-12,7.1677439918483993e-10
1.7710082869690951e-17,1177,973.98715799243212,-4.4327059397082846e-09,-1.8761770976805631e-20,0,3.0666740548035048e-18,36.085285627865211,178.28101390688497,178.28101390688497,3.258410280057495e-24,0.016657685472840369,0.016657685472840369,0,0,1.4643405556477165e-17,194,194,0,-8.1504177290334673e-05,0.0032279993944332257,-3.1670667266258836e-06,4.2887981216424365e-12,7.2106319730648235e-10
1.7691967728936988e-17,1183,945.39038489871325,-4.3820015403379246e-09,-1.8115140753961956e-20,0,3.0628907142455986e-18,37.961615591229773,178.28101390688497,178.28101390688497,4.1703104481462395e-24,0.021201822340384389,0.021201822340384389,0,0,1.4629072844380942e-17,195,195,0,-8.1956603800331551e-05,0.0041559981191502619,-2.9789706926227943e-06,4.196207638005956e-12,7.2525940494448829e-10
1.7673578312324272e-17,1189,875.56420529894115,-4.3786345096265418e-09,-1.838941661271763e-20,0,3.0383090675056304e-18,39.186543033826418,178.28101390688497,178.28101390688497,3.7826161538446663e-24,0.019292427798382195,0.019292427798382195,0,0,1.4635265462202486e-17,196,196,0,-8.1694749907730145e-05,0.0052582807058692838,-2.7471106016833436e-06,4.2952987609157776e-12,7.2955470370540402e-10
1.765479773071556e-17,1195,868.73394132748865,-4.4324646801459974e-09,-1.8780581608712136e-20,0,2.988355963695448e-18,39.012766822661412,178.28101390688497,178.28101390688497,2.1687981041644967e-24,0.011184539066030808,0.011184539066030808,0,0,1.4666439598222007e-17,197,197,0,-8.0795987335691857e-05,0.0065097100978675233,-2.4497267086657183e-06,4.3645061224752115e-12,7.339192098278792e-10
1.7635296156479533e-17,1201,843.9619815343317,-4.469143768276485e-09,-1.9501574236026169e-20,0,2.9270905454047672e-18,37.90795732291005,178.28101390688497,178.28101390688497,-1.6794588277928126e-25,0.00087952308456729165,-0.00087952308456729165,0,0,1.4708205779020647e-17,198,198,0,-7.9562949950903037e-05,0.0079012591845809815,-2.0582231557704653e-06,4.4881414130335694e-12,7.384073512409128e-10
1.7615800123303334e-17,1207,924.03940581560346,-4.4554479145496211e-09,-1.9496033176198491e-20,0,2.8694104019674466e-18,36.133518179089521,178.28101390688497,178.28101390688497,-2.3759563155819109e-24,0.012610007486430062,-0.012610007486430062,0,0,1.4746392097292204e-17,199,199,0,-7.8507629692011206e-05,0.0093668569636447818,-1.582528437916626e-06,4.4731692259054033e-12,7.428805204668182e-10
1.7596521543080709e-17,1213,886.99412700819221,-4.386572294660746e-09,-1.9278580222626678e-20,0,2.8237597822871173e-18,34.994583643373034,178.28101390688497,178.28101390688497,-3.7584232802998046e-24,0.020060696929919061,-0.020060696929919061,0,0,1.477276551921687e-17,200,200,0,-7.8063574042106046e-05,0.010888641545976409,-1.0459627619661964e-06,4.4597028291675586e-12,7.4734022329598581e-10
1.7577719261762272e-17,1219,876.6496776635131,-4.2713227111597742e-09,-1.8802281318436393e-20,0,2.7918223265752295e-18,35.341054822627285,178.28101390688497,178.28101390688497,-3.9105430831497619e-24,0.020771846737983882,-0.020771846737983882,0,0,1.4785900845730126e-17,201,201,0,-7.8442373076733208e-05,0.012457235045899883,-4.7569404163332366e-07,4.4465948840630685e-12,7.5178681818004884e-10
1.7559304561099598e-17,1225,818.64392474644058,-4.1671641159260578e-09,-1.8414700662673847e-20,0,2.76480377674586e-18,34.639958111471891,178.28101390688497,178.28101390688497,-2.7656578773587923e-24,0.01447951995028833,-0.01447951995028833,0,0,1.4794503550011615e-17,202,202,0,-7.9585335208370045e-05,0.014084423058833782,1.0600651076701373e-07,4.4736033546833312e-12,7.5626042153473213e-10
1.7541389016942349e-17,1231,798.52207192660342,-4.0642876515537569e-09,-1.7915544157249689e-20,0,2.7416659190886734e-18,31.000408462413223,178.28101390688497,178.28101390688497,-6.4678012579930234e-25,0.0033196425075569858,-0.0033196425075569858,0,0,1.47997237446338e-17,203,203,0,-8.1180945981293914e-05,0.015750574146317968,6.691335152893832e-07,4.4618519983351806e-12,7.6072227353306729e-10
1.7523806815128934e-17,1237,805.09876143231975,-4.0223238961669776e-09,-1.7582201813412636e-20,0,2.7116762844543683e-18,28.103903261044881,178.28101390688497,178.28101390688497,1.7819849676407189e-24,0.008966879665714033,0.008966879665714033,0,0,1.48121287486896e-17,204,204,0,-8.280402594857539e-05,0.017454167897430775,1.1960178579644829e-06,4.4653333184362994e-12,7.651876068515036e-10
1.7506868418289092e-17,1243,771.14094254549707,-4.0463290255510517e-09,-1.6938396839843337e-20,0,2.675827872602111e-18,28.156568899076195,178.28101390688497,178.28101390688497,3.6214102905059506e-24,0.017963252180449401,0.017963252180449401,0,0,1.483103692427669e-17,205,205,0,-8.4000432617568107e-05,0.019109780417694407,1.64260673552891e-06,4.2874665830949617e-12,7.6947507343459853e-10
1.7489582510376855e-17,1249,845.34289746864908,-4.1042670497050504e-09,-1.7285907912237251e-20,0,2.6435046440765981e-18,30.40581774880242,178.28101390688497,178.28101390688497,4.3370059979727193e-24,0.021362828328432375,0.021362828328432375,0,0,1.4846073529294257e-17,206,206,0,-8.4590195863023406e-05,0.020780426640043006,1.9929882018479898e-06,4.3314126927670115e-12,7.7380648612736559e-10
1.7472042802909943e-17,1255,898.71412368367282,-4.1190622678041341e-09,-1.7539707466909898e-20,0,2.6357351475646279e-18,30.889351310351188,178.28101390688497,178.28101390688497,3.6409526422489005e-24,0.017954279162071575,0.017954279162071575,0,0,1.4836304014392675e-17,207,207,0,-8.4495934770880272e-05,0.022422802077973449,2.1784921394610531e-06,4.3433659955418406e-12,7.7814985212290745e-10
1.7454002056624579e-17,1261,855.33200057474289,-4.0276539822613279e-09,-1.8040746285365075e-20,0,2.6666742465785224e-18,30.304762353761397,178.28101390688497,178.28101390688497,1.6756160711697909e-24,0.0083286464630615148,0.0083286464630615148,0,0,1.4787326134429985e-17,208,208,0,-8.3827950445950657e-05,0.024058607350650019,2.1302331408926451e-06,4.5292249387529193e-12,7.8267907706166035e-10
1.7436767139244053e-17,1267,909.26406217778629,-3.8748207307925493e-09,-1.7234917380526636e-20,0,2.7244265062446376e-18,31.72686184236732,178.28101390688497,178.28101390688497,-7.9313537573452721e-25,0.003984662346901236,-0.003984662346901236,0,0,1.4712341426134792e-17,209,209,0,-8.2936280279733863e-05,0.02554555822727992,1.8189641326331215e-06,4.4571594876164787e-12,7.8713623654927683e-10
1.7420060819662404e-17,1273,922.14473861959254,-3.6926423057504791e-09,-1.6706319581649928e-20,0,2.7948429086437282e-18,35.21846956616416,178.28101390688497,178.28101390688497,-2.9791321408281667e-24,0.015100346129934931,-0.015100346129934931,0,0,1.4625220890150816e-17,210,210,0,-8.2203748708628121e-05,0.02688234688594222,1.281117656933584e-06,4.5276933250003368e-12,7.916639298742772e-10
1.7403965131226147e-17,1279,786.25318713988815,-3.5242761693433173e-09,-1.6095688436256068e-20,0,2.8623022125782558e-18,37.922775495919488,178.28101390688497,178.28101390688497,-4.1346348452560689e-24,0.021014785245976907,-0.021014785245976907,0,0,1.4541667053282734e-17,211,211,0,-8.1978687799678492e-05,0.02801353582764474,6.356472860792807e-07,4.5851970868425916e-12,7.9624912696111976e-10
1.7388204943899273e-17,1285,843.66886953689129,-3.3772026006945404e-09,-1.5760187326873869e-20,0,2.9169971707332623e-18,38.995453083490851,178.28101390688497,178.28101390688497,-3.8196922406408616e-24,0.01930887573089048,-0.01930887573089048,0,0,1.447121159285825e-17,212,212,0,-8.242522536175325e-05,0.028907100010023262,4.1216299017996793e-08,4.7205353684865744e-12,8.0096966232960635e-10
1.7373268810917595e-17,1291,928.38659221884893,-3.3166893135651067e-09,-1.4936132981676863e-20,0,2.94007380844551e-18,39.734219332288923,178.28101390688497,178.28101390688497,-2.1286267974178108e-24,0.010636183773618534,-0.010636183773618534,0,0,1.4433197131098884e-17,213,213,0,-8.338778749356357e-05,0.029493345071075573,-3.0236034635790022e-07,4.6044091010695652e-12,8.0557407143067595e-10
1.7358600605796931e-17,1297,863.3903333677913,-3.3296567664571012e-09,-1.4668205120666569e-20,0,2.9313689857781762e-18,40.067442881115412,178.28101390688497,178.28101390688497,3.3707574110104581e-25,0.0016618723628831964,0.0016618723628831964,0,0,1.4427231282943014e-17,214,214,0,-8.4512041114342094e-05,0.029785160433971173,-3.1948559341627213e-07,4.5399102673786918e-12,8.1011398169805462e-10
1.7343454789591912e-17,1303,840.81869962191217,-3.3932946019560669e-09,-1.5145816205017629e-20,0,2.8963525246884385e-18,39.078577028314044,178.28101390688497,178.28101390688497,2.7886671032448037e-24,0.013601537075711313,0.013601537075711313,0,0,1.444709947623637e-17,215,215,0,-8.54274498451408e-05,0.029791406896802323,-3.2420058663440919e-08,4.6407232825627156e-12,8.1475470498061737e-10
1.7327884449897078e-17,1309,809.92715757409917,-3.4595443069612434e-09,-1.5570339694833876e-20,0,2.8470792670450707e-18,37.78632368543196,178.28101390688497,178.28101390688497,4.2444627983580523e-24,0.02062042720436091,0.02062042720436091,0,0,1.448080093838921e-17,216,216,0,-8.576573843279854e-05,0.029509153454201537,4.0502918329579187e-07,4.6699848134639698e-12,8.194246897940813e-10
1.7312484977569677e-17,1315,902.66853139881266,-3.4931568000368068e-09,-1.5399472327400554e-20,0,2.7961274939968445e-18,37.102329787308484,178.28101390688497,178.28101390688497,4.1363289824758427e-24,0.020182340400874636,0.020182340400874636,0,0,1.4516353347243851e-17,217,217,0,-8.5394972789719088e-05,0.028974110525478131,7.4695175510452833e-07,4.5351488784560687e-12,8.2395983867253738e-10
1.7296995671479448e-17,1321,1008.7268212146064,-3.49349857194974e-09,-1.548930609022961e-20,0,2.7471607008342343e-18,35.780843278040841,178.28101390688497,178.28101390688497,2.5802780521528698e-24,0.012734326326977149,0.012734326326977149,0,0,1.4549832390367162e-17,218,218,0,-8.4426598428438105e-05,0.028200741399543101,8.0242965448694424e-07,4.5334286400711157e-12,8.2849326731260846e-10
1.7281484139014684e-17,1327,1006.0964066865431,-3.4576698755733645e-09,-1.5511532464765544e-20,0,2.7045192310943005e-18,33.859061531557003,178.28101390688497,178.28101390688497,1.5262499389996302e-25,0.00076491247612369339,0.00076491247612369339,0,0,1.4576964755295389e-17,219,219,0,-8.31385935558565e-05,0.027193400168258025,4.4418415514166555e-07,4.5686430260943659e-12,8.330619103387028e-10
1.7266117258893866e-17,1333,888.26172759543192,-3.3950023925037906e-09,-1.5366880120815033e-20,0,2.6718442200755444e-18,33.327807409535517,178.28101390688497,178.28101390688497,-2.2661646497882139e-24,0.011525745946100015,-0.011525745946100015,0,0,1.4594275304982973e-17,220,220,0,-8.1924005193263297e-05,0.025961374975133556,-3.2347885707967178e-07,4.5903645439456769e-12,8.3765227488264851e-10
1.725097298913648e-17,1339,929.50931101460912,-3.2908748400763437e-09,-1.5144269757386551e-20,0,2.6541674652662546e-18,33.935613358849032,178.28101390688497,178.28101390688497,-3.8512288874880713e-24,0.019774234954489354,-0.019774234954489354,0,0,1.4596809375099114e-17,221,221,0,-8.1149976563565438e-05,0.024501253870657155,-1.3851338705954186e-06,4.6446391465391941e-12,8.4229691402918773e-10
1.7236128398880983e-17,1345,856.89840422499492,-3.179501563705652e-09,-1.4844590255498964e-20,0,2.6449041435971718e-18,33.870181052010778,178.28101390688497,178.28101390688497,-4.0425443143608203e-24,0.020776610671518217,-0.020776610671518217,0,0,1.4591228297828125e-17,222,222,0,-8.1071618992453441e-05,0.022815530215694796,-2.5479469850191513e-06,4.720749611431047e-12,8.470176636406188e-10
1.7221752729915456e-17,1351,795.36211434051427,-3.1134001273883025e-09,-1.437566896552492e-20,0,2.6313799387630886e-18,33.868841438841145,178.28101390688497,178.28101390688497,-2.7461354198616511e-24,0.014003968011981697,-0.014003968011981697,0,0,1.4590375537287789e-17,223,223,0,-8.1707062643275911e-05,0.020955073515978178,-3.5729197340005848e-06,4.707227722963217e-12,8.5172489136358201e-10
1.7207469884006958e-17,1357,883.71526129913389,-3.1115926253854331e-09,-1.4282845908498624e-20,0,2.6093266314775787e-18,35.203871534204609,178.28101390688497,178.28101390688497,-3.8722836565797266e-25,0.0019480155660885762,-0.0019480155660885762,0,0,1.4598143639757746e-17,224,224,0,-8.2825391729989396e-05,0.018933184995117095,-4.3002227261113116e-06,4.7259146453138359e-12,8.564508060088958e-10
1.7192784181961739e-17,1363,836.30402040745616,-3.12625964503779e-09,-1.4685702045218179e-20,0,2.5885893940172885e-18,36.403359392082422,178.28101390688497,178.28101390688497,2.2510208462795838e-24,0.011156033825434097,0.011156033825434097,0,0,1.4604192536923605e-17,225,225,0,-8.4073369379549605e-05,0.016728446860495794,-4.6552120596757592e-06,4.8562156640813464e-12,8.6130702167297719e-10
1.7178363021074033e-17,1369,827.46522438711793,-3.1356034946263643e-09,-1.4421160887706779e-20,0,2.5762888712903136e-18,35.821060705721692,178.28101390688497,178.28101390688497,4.0189115683049765e-24,0.01970178674699128,0.01970178674699128,0,0,1.460207013087215e-17,226,226,0,-8.4994650906405103e-05,0.014498138251873457,-4.6567081902034989e-06,4.7322227179424544e-12,8.660392443909196e-10
1.7164338258440404e-17,1375,771.64264117965013,-3.1265826100448167e-09,-1.4024762633630894e-20,0,2.5746260369986236e-18,34.82759699666466,178.28101390688497,178.28101390688497,4.2831915159624887e-24,0.020903617773112015,0.020903617773112015,0,0,1.4589707938250265e-17,227,227,0,-8.5375801979461683e-05,0.01230583936729371,-4.4377424431572828e-06,4.5826265692009028e-12,8.7062187096012053e-10
1.7150239349324607e-17,1381,854.18493739369796,-3.1122841556056045e-09,-1.4098909115794615e-20,0,2.5812669159256331e-18,35.606144906445948,178.28101390688497,178.28101390688497,2.9848900222634842e-24,0.014594881395495937,0.014594881395495937,0,0,1.4568969448508952e-17,228,228,0,-8.5215093034400296e-05,0.010111458395087512,-4.097227495043129e-06,4.6303166499901276e-12,8.7525218761011069e-10
1.7136092582423735e-17,1387,895.93980920642571,-3.0926170976767941e-09,-1.414676690087328e-20,0,2.5953067682875647e-18,37.40958314193859,178.28101390688497,178.28101390688497,5.870756201267822e-25,0.0028889785079009135,0.0028889785079009135,0,0,1.4540785227060551e-17,229,229,0,-8.4671741603603589e-05,0.0079851018305711428,-3.6804273156304407e-06,4.6721318931975717e-12,8.7992431950330824e-10
1.7121966597709711e-17,1393,926.80211289976091,-3.0483288314868116e-09,-1.4125984714022905e-20,0,2.6189600758177359e-18,37.448882672215419,178.28101390688497,178.28101390688497,-2.0154061153163667e-24,0.0099861865164769855,-0.0099861865164769855,0,0,1.4503008537298093e-17,230,230,0,-8.4091414341585095e-05,0.0060081272091553947,-3.1807603790438467e-06,4.7144763602847136e-12,8.8463879586359296e-10
1.7108319582763307e-17,1399,898.9317665097476,-2.961760337133005e-09,-1.3647014946404518e-20,0,2.6530848649140713e-18,35.792124739639938,178.28101390688497,178.28101390688497,-3.8334592194384368e-24,0.019034709448253511,-0.019034709448253511,0,0,1.4455238551308457e-17,231,231,0,-8.3913793331527459e-05,0.0043022103823393927,-2.6003270041502158e-06,4.6471438767395444e-12,8.8928593974033254e-10
1.7095077038654854e-17,1405,843.62294833938336,-2.843796073261352e-09,-1.3242544108453788e-20,0,2.6948076568458137e-18,35.465790421334404,178.28101390688497,178.28101390688497,-4.2853599194780923e-24,0.02113688035267099,-0.02113688035267099,0,0,1.4400273667168958e-17,232,232,0,-8.4476356175768508e-05,0.0028947727667908295,-1.9484565057422395e-06,4.6744579762471936e-12,8.9396039771657971e-10
1.708241031452229e-17,1411,814.46131724376346,-2.718006683316576e-09,-1.2666724132563172e-20,0,2.7372966213036154e-18,37.119297512516887,178.28101390688497,178.28101390688497,-3.1834135194506058e-24,0.015444611672893398,-0.015444611672893398,0,0,1.4345116876632196e-17,233,233,0,-8.5882528344821183e-05,0.0018466588918344383,-1.2690070753345088e-06,4.6771748873821437e-12,8.9863757260396182e-10
1.7070054643948498e-17,1417,807.59628717468013,-2.6270228432204963e-09,-1.2355670573792704e-20,0,2.7703965160127702e-18,37.90938382527883,178.28101390688497,178.28101390688497,-8.0472235427675668e-25,0.0038120824594970295,-0.0038120824594970295,0,0,1.4299658932658082e-17,234,234,0,-8.7957431275748334e-05,0.0011876867856026217,-5.9561842457247017e-07,4.7646526046742254e-12,9.0340222520863603e-10
1.7058021242556532e-17,1423,837.33644552499049,-2.5855617941425464e-09,-1.2033401391964057e-20,0,2.7873539180112914e-18,36.471127567044661,178.28101390688497,178.28101390688497,2.0061620124136123e-24,0.0092671240118612688,0.0092671240118612688,0,0,1.4270665318383228e-17,235,235,0,-9.0200674711611746e-05,0.00096769840260363144,1.6700730416753989e-08,4.7603074969611272e-12,9.0816253270559714e-10
1.7046173993455417e-17,1429,809.54432253792959,-2.5965330547905202e-09,-1.1847249101116171e-20,0,2.7856568905101115e-18,34.818103332542577,178.28101390688497,178.28101390688497,4.1391525856697984e-24,0.018734263818947366,0.018734263818947366,0,0,1.4260512963792721e-17,236,236,0,-9.2058429803447802e-05,0.0011952789837788383,5.3553363372304376e-07,4.7048389717780247e-12,9.1286737167737519e-10
1.7034344117597081e-17,1435,830.59838550841994,-2.6308638177359271e-09,-1.1829875858338049e-20,0,2.7709414087442679e-18,35.27423258869554,178.28101390688497,178.28101390688497,4.7473444019366043e-24,0.021231242080043143,0.021231242080043143,0,0,1.4263397961508409e-17,237,237,0,-9.3167425627568737e-05,0.0018493154364982705,9.578545607289107e-07,4.6409182003470828e-12,9.1750828987772223e-10
1.7022252833386555e-17,1441,817.27598230926037,-2.6528587904648967e-09,-1.2091284210523742e-20,0,2.7518890764832209e-18,37.013487849087042,178.28101390688497,178.28101390688497,3.5703827251008306e-24,0.015920186085832625,0.015920186085832625,0,0,1.427036018652061e-17,238,238,0,-9.3444854273128631e-05,0.002916258191546815,1.3076956426201976e-06,4.6902928995013675e-12,9.2219858277722361e-10
1.7009805110024559e-17,1447,710.04299156381262,-2.642568485021496e-09,-1.2447723361997488e-20,0,2.7346029969398473e-18,37.6296047587022,178.28101390688497,178.28101390688497,9.6507877499570687e-25,0.0043217308037783574,0.0043217308037783574,0,0,1.4275201148005936e-17,239,239,0,-9.3045165121511869e-05,0.0043833699331974167,1.5929989753635527e-06,4.828987059290498e-12,9.2702756983651415e-10
1.6997691833405104e-17,1453,740.29554586501104,-2.6132578731784419e-09,-1.2113276619454091e-20,0,2.7187590359814644e-18,37.162632673674537,178.28101390688497,178.28101390688497,-1.9338082693994121e-24,0.0087174690368682934,-0.0087174690368682934,0,0,1.4278934731231908e-17,240,240,0,-9.2429745626300576e-05,0.0061030426069284575,1.7697603859813778e-06,4.7295033764182233e-12,9.3175707321293232e-10
1.6985939770402558e-17,1459,740.77315234695038,-2.5942191699875699e-09,-1.1752063002547876e-20,0,2.7005227243202376e-18,37.485764772373095,178.28101390688497,178.28101390688497,-4.0485480762872535e-24,0.018310974343454151,-0.018310974343454151,0,0,1.4285421094630395e-17,241,241,0,-9.2124809971675276e-05,0.007966297124736791,1.7961549789096837e-06,4.6182127594099985e-12,9.3637528597234234e-10
1.6974442963898736e-17,1465,842.53235251178035,-2.5689573891629573e-09,-1.1496806503819165e-20,0,2.6823574882357493e-18,38.208477977810311,178.28101390688497,178.28101390688497,-4.7327622930865059e-24,0.021325725030825929,-0.021325725030825929,0,0,1.4292090208425282e-17,242,242,0,-9.2469741869845122e-05,0.0098966701901162975,1.6637583103284184e-06,4.547655592926375e-12,9.4092294156526866e-10
1.6963140424814072e-17,1471,892.28305309228858,-2.5242621979327309e-09,-1.1302539084663771e-20,0,2.6648798743996803e-18,37.558669956809609,178.28101390688497,178.28101390688497,-3.7991246489420245e-24,0.016925027277852677,-0.016925027277852677,0,0,1.429826434953904e-17,243,243,0,-9.3528274887843678e-05,0.011839684090343987,1.4210975339049764e-06,4.5270972277068589e-12,9.4545003879297562e-10
1.6951818280650403e-17,1477,910.0657490673716,-2.4550790807861055e-09,-1.1322144163668815e-20,0,2.6422535284265671e-18,35.694272246407209,178.28101390688497,178.28101390688497,-1.4429144342383717e-24,0.0063197440716657328,-0.0063197440716657328,0,0,1.430956619513827e-17,244,244,0,-9.5132704866149779e-05,0.013794522998133968,1.1599322726765846e-06,4.6548219386424512e-12,9.5010486073161809e-10
1.6940578933851175e-17,1483,810.28531800307894,-2.4006168903543124e-09,-1.1239346799227764e-20,0,2.6004636326759186e-18,34.796026288486978,178.28101390688497,178.28101390688497,1.5966382147850521e-24,0.0068693234851865455,0.0068693234851865455,0,0,1.4340113704537043e-17,245,245,0,-9.6845915651222066e-05,0.015693300600618978,1.0060690892270334e-06,4.7571745886699584e-12,9.5486203532028807e-10
1.6929077506171599e-17,1489,780.96130256355366,-2.387218657996364e-09,-1.1501427679576537e-20,0,2.5303828799237637e-18,35.215107878803835,178.28101390688497,178.28101390688497,4.1847768742913254e-24,0.017766199828077471,0.017766199828077471,0,0,1.4398690441470961e-17,246,246,0,-9.81446256276841e-05,0.017522727958935395,1.0505066171346091e-06,4.9617282530713756e-12,9.5982376357335934e-10
1.6917710195083131e-17,1495,898.42735838048588,-2.3929558061068919e-09,-1.1367311088469831e-20,0,2.447546095025567e-18,34.64580651902142,178.28101390688497,178.28101390688497,5.04360095135247e-24,0.021328202019992096,0.021328202019992096,0,0,1.4470159056456614e-17,247,247,0,-9.8531530901044612e-05,0.01914925373393268,1.2661154336483379e-06,4.8935283973096637e-12,9.6471729197066897e-10
1.6906467151791704e-17,1501,936.32540226235426,-2.3764206562869322e-09,-1.1243043291426375e-20,0,2.3737181815082438e-18,32.916977965232221,178.28101390688497,178.28101390688497,3.856385940214874e-24,0.016403171199705437,0.016403171199705437,0,0,1.4532745113897519e-17,248,248,0,-9.7958343269508331e-05,0.020582520669466108,1.4992728642825751e-06,4.838257217547816e-12,9.6955554918821688e-10
1.6895359465626216e-17,1507,889.75173321056263,-2.3392280050248081e-09,-1.1107686165488435e-20,0,2.3194399914033393e-18,32.177980284637975,178.28101390688497,178.28101390688497,1.1637121089721898e-24,0.0050143327681461576,0.0050143327681461576,0,0,1.4575918310510767e-17,249,249,0,-9.669881673692416e-05,0.021867624854179733,1.5515341257491432e-06,4.8392584391127833e-12,9.7439480762732972e-10
1.6884438756621534e-17,1513,781.56029613125384,-2.3150644881223377e-09,-1.0920709004682245e-20,0,2.2852732603531924e-18,32.503783613626453,178.28101390688497,178.28101390688497,-1.8996010791964123e-24,0.0083070662435907779,-0.0083070662435907779,0,0,1.4599167395869419e-17,250,250,0,-9.5280382562981303e-05,0.023038317998042526,1.2638982551849888e-06,4.8225653570355906e-12,9.7921737298436521e-10
1.6873595154768695e-17,1519,819.27332752332222,-2.3138621583303581e-09,-1.0843601852837527e-20,0,2.2716717203895716e-18,32.109098726349664,178.28101390688497,178.28101390688497,-4.1545232368753697e-24,0.018362865561606542,-0.018362865561606542,0,0,1.460192758890236e-17,251,251,0,-9.4269129340990136e-05,0.024125999723316395,5.8978950309353116e-07,4.8128426051151017e-12,9.8403021558948033e-10
1.6862685013644704e-17,1525,773.24709787288464,-2.322479729194419e-09,-1.091014112399323e-20,0,2.2807067399938975e-18,31.132852501643715,178.28101390688497,178.28101390688497,-4.7972282053994572e-24,0.021254653071265651,-0.021254653071265651,0,0,1.458198307087901e-17,252,252,0,-9.4042705796270947e-05,0.025141287864136646,-3.8966608781333132e-07,4.8280449097416698e-12,9.8885826049922205e-10
1.6851862053159126e-17,1531,761.80007279846768,-2.3139419890328674e-09,-1.0822960485576675e-20,0,2.3101498184599814e-18,31.103708363089972,178.28101390688497,178.28101390688497,-3.6112843689484943e-24,0.015898454447097147,-0.015898454447097147,0,0,1.4541715845983513e-17,253,253,0,-9.464453449877911e-05,0.026048847807184548,-1.4693027942066966e-06,4.7804458677676747e-12,9.936387063669898e-10
1.6841257302001479e-17,1537,665.58986754070963,-2.2841905431369713e-09,-1.0604751157646566e-20,0,2.3483361585764635e-18,32.430104788633464,178.28101390688497,178.28101390688497,-1.0581277854705915e-24,0.0046029569813289652,-0.0046029569813289652,0,0,1.4492922201552802e-17,254,254,0,-9.5783336465759199e-05,0.026807483392886803,-2.4232976636756213e-06,4.7154140140926477e-12,9.9835412038108244e-10
1.6830907409393144e-17,1543,618.77797055813369,-2.2201975559489029e-09,-1.0349892608335553e-20,0,2.3856205273909611e-18,34.342764665220443,178.28101390688497,178.28101390688497,1.9460740041962742e-24,0.0083574913124925213,0.0083574913124925213,0,0,1.4445284935928179e-17,255,255,0,-9.702243629055408e-05,0.027379672546328608,-3.0894723435988091e-06,4.6922042146397306e-12,1.0030463245957221e-09
1.682071734241258e-17,1549,631.14375032018074,-2.1105165875924732e-09,-1.0190066980564634e-20,0,2.417460428463358e-18,35.688913579042939,178.28101390688497,178.28101390688497,4.3259536850328952e-24,0.018402860807234436,0.018402860807234436,0,0,1.4403252587995536e-17,256,256,0,-9.7945679260315379e-05,0.027731777131943008,-3.4009138186662298e-06,4.8212670854473392e-12,1.0078675916811695e-09
1.6811027959549594e-17,1555,635.30357757629599,-1.9733360143887651e-09,-9.6893828629864357e-21,0,2.438207820019456e-18,35.793994058272865,178.28101390688497,178.28101390688497,5.0040345813123404e-24,0.021231069868021025,0.021231069868021025,0,0,1.4372815135495555e-17,257,257,0,-9.8205809779815996e-05,0.02780852853296148,-3.3815247520489053e-06,4.8793445468845558e-12,1.012746936228054e-09
1.6802008114429972e-17,1561,654.09761317100367,-1.8637355971653797e-09,-9.019845119620485e-21,0,2.4424263981474529e-18,35.695900018478852,178.28101390688497,178.28101390688497,3.6637197633988667e-24,0.015614382065797504,0.015614382065797504,0,0,1.4359578052562754e-17,258,258,0,-9.7765630108375724e-05,0.027585297072342075,-3.1820162323561212e-06,4.8505458605101429e-12,1.0175974820885641e-09
1.6793397624407065e-17,1567,559.10678147388148,-1.8025923856496448e-09,-8.6104900229065155e-21,0,2.434714146548743e-18,36.295626527169297,178.28101390688497,178.28101390688497,8.9039942443844301e-25,0.0038284298511383468,0.0038284298511383468,0,0,1.4358682587458898e-17,259,259,0,-9.6906505958990508e-05,0.027057138533996591,-2.9798768863704027e-06,4.8464676512548074e-12,1.0224439497398189e-09
1.6785057279631694e-17,1573,609.99267394809226,-1.7729678505995751e-09,-8.3403447753708701e-21,0,2.4261116341924225e-18,36.464585438405123,178.28101390688497,178.28101390688497,-2.1624758815280327e-24,0.0093763263787549813,-0.0093763263787549813,0,0,1.4358947807915155e-17,260,260,0,-9.6096443415765337e-05,0.026237150625224557,-2.8832367488273366e-06,4.8092587191568924e-12,1.0272532084589757e-09
1.677669201770821e-17,1579,659.73824909008783,-1.7781799963180497e-09,-8.3652619234835414e-21,0,2.4192679231388185e-18,35.749317639894201,178.28101390688497,178.28101390688497,-4.3687707489957685e-24,0.01900306770244746,-0.01900306770244746,0,0,1.4357428463340142e-17,261,261,0,-9.5790909863375129e-05,0.025127411373178147,-2.8817362867023923e-06,4.8652252193877838e-12,1.0321184336783636e-09
1.6768015718224663e-17,1585,593.09272433962224,-1.8475888105608741e-09,-8.676299483548669e-21,0,2.4082276984413986e-18,35.836823233311783,178.28101390688497,178.28101390688497,-4.8591161233628694e-24,0.02101970775022554,-0.02101970775022554,0,0,1.4359792878899388e-17,262,262,0,-9.6320640711396318e-05,0.023745685748769209,-2.8536019417267016e-06,4.9560243176983877e-12,1.0370744579960619e-09
1.67587725369332e-17,1591,628.33382492015085,-1.9825475675807995e-09,-9.2431812914624284e-21,0,2.3925849384740786e-18,36.881198545615895,178.28101390688497,178.28101390688497,-3.3573295788216228e-24,0.014316771335955158,-0.014316771335955158,0,0,1.43661909557887e-17,263,263,0,-9.7709692477683223e-05,0.022162425600542074,-2.6322067179587872e-06,4.9784065382266984e-12,1.0420528645342886e-09
1.6748756427517681e-17,1597,666.25911155853066,-2.1041271917511822e-09,-1.0016109415518546e-20,0,2.3896916268035268e-18,37.340029069698353,178.28101390688497,178.28101390688497,-3.6182772657570514e-25,0.0015127543339263773,-0.0015127543339263773,0,0,1.435906516254188e-17,264,264,0,-9.9660301318482187e-05,0.020439969419837917,-2.112227930532011e-06,5.0290596747259401e-12,1.0470819242090146e-09
1.673827066100839e-17,1603,724.6377494573876,-2.1321550800757671e-09,-1.0485766509291769e-20,0,2.4169129672846799e-18,37.868224673139089,178.28101390688497,178.28101390688497,2.9309927439776454e-24,0.012014950026730267,0.012014950026730267,0,0,1.4321354762730966e-17,265,265,0,-0.0001016439497409792,0.018660514419873132,-1.3229302000148649e-06,5.0640467507869167e-12,1.0521459709598014e-09
1.6728045761239305e-17,1609,713.4739094809288,-2.0659634942807786e-09,-1.0224899769085512e-20,0,2.4673660480709592e-18,38.706318289662775,178.28101390688497,178.28101390688497,5.024880240746831e-24,0.020309596014053275,0.020309596014053275,0,0,1.4260674688288104e-17,266,266,0,-0.00010308920467260294,0.016931226395108016,-4.3459404957501345e-07,4.9881046916062768e-12,1.0571340756514077e-09
1.6718250830891224e-17,1615,657.7421523246893,-1.9854787415866923e-09,-9.7949303480782811e-21,0,2.5144916715315275e-18,38.013439776771719,178.28101390688497,178.28101390688497,5.012815838132281e-24,0.020141476385106823,0.020141476385106823,0,0,1.4203754146543861e-17,267,267,0,-0.00010370010747736941,0.015282396162317207,3.6314070668979793e-07,4.9648588833467121e-12,1.0620989345347545e-09
1.6708709403602235e-17,1621,742.78855596387689,-1.9213211367859825e-09,-9.5414272889922276e-21,0,2.5437175358696892e-18,36.179564913746319,178.28101390688497,178.28101390688497,2.8536486182086371e-24,0.011490271254883971,0.011490271254883971,0,0,1.4164989014083927e-17,268,268,0,-0.00010348060817812259,0.013715538506106273,9.1572614606612961e-07,5.0256332547296828e-12,1.0671245677894841e-09
1.6699469094623494e-17,1627,722.37980632109452,-1.8464984015266757e-09,-9.2403089787385713e-21,0,2.5583713100479072e-18,35.408736516718371,178.28101390688497,178.28101390688497,-5.1098518679691348e-25,0.0020716981348892372,-0.0020716981348892372,0,0,1.4141098295560775e-17,269,269,0,-0.00010277100264419802,0.012260177067142651,1.1400676006613382e-06,5.0401287046966793e-12,1.0721646964941809e-09
1.669048672138762e-17,1633,780.63080963537129,-1.7536284981520173e-09,-8.9823732358741923e-21,0,2.5596360100587627e-18,35.248029577592867,178.28101390688497,178.28101390688497,-3.6751603427506569e-24,0.014989546247779718,-0.014989546247779718,0,0,1.41308543864892e-17,270,270,0,-0.00010215898361200777,0.010898658047739249,1.0594032850395161e-06,5.1581508112668206e-12,1.0773228473054476e-09
1.6681994181651932e-17,1639,738.5811073952807,-1.7010104068792614e-09,-8.4925397356884533e-21,0,2.5373441115901398e-18,34.630860802109972,178.28101390688497,178.28101390688497,-5.2056613160228666e-24,0.021204623648600481,-0.021204623648600481,0,0,1.4144655275723108e-17,271,271,0,-0.00010229021671350115,0.0096932683305191811,7.7362880025088085e-07,5.0875601023749622e-12,1.0824104074078225e-09
1.6673641514410117e-17,1645,717.7927898862323,-1.6982609391681639e-09,-8.3526672418160956e-21,0,2.4936927778912875e-18,34.37056821708584,178.28101390688497,178.28101390688497,-4.5256829465140041e-24,0.018222026122515899,-0.018222026122515899,0,0,1.4179953262201776e-17,272,272,0,-0.00010348471761792589,0.0086353634715879493,4.0740598945675932e-07,5.0846883087552541e-12,1.0874950957165777e-09
1.6665448215116377e-17,1651,703.20060093438565,-1.7229011092834704e-09,-8.1932992937394125e-21,0,2.4451315833414932e-18,34.786724542301492,178.28101390688497,178.28101390688497,-1.9647000939516121e-24,0.0077572180522266845,-0.0077572180522266845,0,0,1.4220318596474979e-17,273,273,0,-0.00010553075002344946,0.0077561001882042579,7.9733786695699866e-08,4.9266267654425546e-12,1.0924217224820202e-09
1.6657380337507824e-17,1657,624.01594758859562,-1.7406811193647051e-09,-8.0678776085526929e-21,0,2.4093840915417862e-18,35.221133200724665,178.28101390688497,178.28101390688497,1.4078342078154753e-24,0.0054383901464246757,0.0054383901464246757,0,0,1.4247994838131829e-17,274,274,0,-0.00010786235830751558,0.0070435895743423951,-1.4613689356622976e-07,4.7672005720901447e-12,1.0971889230541104e-09
1.664927321620259e-17,1663,588.60768872253959,-1.7348406716107707e-09,-8.1071213052351759e-21,0,2.3959463586791019e-18,35.429280513531936,178.28101390688497,178.28101390688497,4.367358597017636e-24,0.016554514073358683,0.016554514073358683,0,0,1.4253322490164889e-17,275,275,0,-0.00010992365832628992,0.0064682516904422654,-2.5332191225068527e-07,4.7684719958842919e-12,1.1019573950499947e-09
1.6641255090376583e-17,1669,632.15604636165494,-1.701940894690402e-09,-8.0181258260073568e-21,0,2.4048608668278284e-18,35.653694208451334,178.28101390688497,178.28101390688497,5.6930329275742135e-24,0.021331399226772105,0.021331399226772105,0,0,1.4236388530515826e-17,276,276,0,-0.00011120213109035977,0.0060318868955436334,-2.4323234514601305e-07,4.7742957629307482e-12,1.1067316908129254e-09
1.6633239197408176e-17,1675,640.25767538396383,-1.67396889545711e-09,-8.0158929684059584e-21,0,2.4228969202922522e-18,36.003593002011648,178.28101390688497,178.28101390688497,4.751826991349022e-24,0.017762973608101234,0.017762973608101234,0,0,1.4210337525288932e-17,277,277,0,-0.00011146376483714518,0.0057385087223952112,-1.3374417303018466e-07,4.8751777147648598e-12,1.1116068685276902e-09
1.6625196311413488e-17,1681,652.94928808293662,-1.652302515970569e-09,-8.042885994688763e-21,0,2.4381257958396051e-18,36.158237553263461,178.28101390688497,178.28101390688497,1.8185568070392339e-24,0.0068383301560468361,0.0068383301560468361,0,0,1.4187068697017076e-17,278,278,0,-0.00011080658371889654,0.005614690000655692,4.822442397754761e-08,4.9712766539455395e-12,1.1165781451816358e-09
1.6617383725564844e-17,1687,614.94030403872773,-1.6230590405753964e-09,-7.8125858486420739e-21,0,2.4452531911233017e-18,36.14417602460216,178.28101390688497,178.28101390688497,-1.7681037402353701e-24,0.0067121766572345006,-0.0067121766572345006,0,0,1.4172132302545283e-17,279,279,0,-0.00010975722621523465,0.0056895463966096594,2.5527775219373024e-07,4.89175639929327e-12,1.1214699015809291e-09
1.6609859073771249e-17,1693,558.79837979242507,-1.5730736568580496e-09,-7.5246517935961448e-21,0,2.4465090188131446e-18,36.265595964526888,178.28101390688497,178.28101390688497,-4.5641454971153768e-24,0.017451306980704729,-0.017451306980704729,0,0,1.4163354619103601e-17,280,280,0,-0.00010897334466506106,0.0059787401747646079,4.2706930778276125e-07,4.8231826523332491e-12,1.1262930842332623e-09
1.6602735563409027e-17,1699,519.5115255789284,-1.5132848193678635e-09,-7.1235103622226582e-21,0,2.4447541155506972e-18,36.264652029745186,178.28101390688497,178.28101390688497,-5.585473973533358e-24,0.021362014160943955,-0.021362014160943955,0,0,1.4157987033332304e-17,281,281,0,-0.00010894482162458202,0.0064901164747790821,4.926003047464625e-07,4.7255339076771463e-12,1.1310186181409394e-09
1.659585959645516e-17,1705,529.08637684154985,-1.4565391111649035e-09,-6.875966953867193e-21,0,2.4413817294621103e-18,36.045874139452671,178.28101390688497,178.28101390688497,-4.5318456703206059e-24,0.017192621309832741,-0.017192621309832741,0,0,1.4154482398838718e-17,282,282,0,-0.00010983019955311592,0.0072419408316732135,3.9848661728554971e-07,4.74988558614034e-12,1.1357685037270798e-09
1.6589111115311965e-17,1711,574.57080368423976,-1.4220584829664256e-09,-6.748481143193145e-21,0,2.4321449121049777e-18,36.048752272087626,178.28101390688497,178.28101390688497,-1.6809189479757539e-24,0.006283930129940221,-0.006283930129940221,0,0,1.4156967884125938e-17,283,283,0,-0.00011145618753024998,0.0082436234510659609,1.277255561106055e-07,4.8258447818627273e-12,1.1405943485089427e-09
1.658231825644337e-17,1717,638.90282516607169,-1.4350170853419383e-09,-6.7928588685954355e-21,0,2.4062674606328134e-18,36.055525731046458,178.28101390688497,178.28101390688497,1.9872247236303727e-24,0.0073071710048246757,0.0073071710048246757,0,0,1.4176048808585833e-17,284,284,0,-0.0001133147562806774,0.0094849506788436729,-2.8851367769043766e-07,4.9085434536766393e-12,1.1455028919626193e-09
1.6575220281978827e-17,1723,610.26451942160736,-1.4981372508969619e-09,-7.0979744645446105e-21,0,2.3574633121740894e-18,35.594762509696281,178.28101390688497,178.28101390688497,4.9735529051385154e-24,0.01806382596957554,0.01806382596957554,0,0,1.4217751996251832e-17,285,285,0,-0.00011472174908924227,0.010935573357528244,-7.8612977566668025e-07,4.9909371913784331e-12,1.1504938291539976e-09
1.6567793573214281e-17,1729,759.80970361685593,-1.5592885095005364e-09,-7.4267087645458192e-21,0,2.297829368441457e-18,35.481286123523503,178.28101390688497,178.28101390688497,5.8760939753565376e-24,0.021268531720360393,0.021268531720360393,0,0,1.4269958328678848e-17,286,286,0,-0.00011511713746495545,0.012512238097251821,-1.2841168049385185e-06,4.9804336166786189e-12,1.1554742627706763e-09
1.6560248284954336e-17,1735,852.18964067981062,-1.5657997618212415e-09,-7.5452882599451552e-21,0,2.2447774016006923e-18,35.882050185524328,178.28101390688497,178.28101390688497,4.3105852758296362e-24,0.015697034329472288,0.015697034329472288,0,0,1.4315466572768369e-17,287,287,0,-0.00011442143532106653,0.014133486709672346,-1.7333262080568967e-06,4.937265873040723e-12,1.1604115286437169e-09
1.6552781074773357e-17,1741,832.58728172916415,-1.5371532649888413e-09,-7.467210180978441e-21,0,2.200882689976772e-18,35.506503551472903,178.28101390688497,178.28101390688497,1.0062011222963507e-24,0.0037100627884408921,0.0037100627884408921,0,0,1.4351897378595461e-17,288,288,0,-0.00011300360439439925,0.01574491998745909,-2.1350655488861837e-06,4.932225931975194e-12,1.1653437545756922e-09
1.6545464443437094e-17,1747,797.54346727946131,-1.5130549111366487e-09,-7.3166313362641102e-21,0,2.1637951491422593e-18,34.820909751315398,178.28101390688497,178.28101390688497,-2.6129535441912444e-24,0.0097650720650217741,-0.0097650720650217741,0,0,1.4381671907248378e-17,289,289,0,-0.00011149233064169375,0.017287115097869281,-2.5057102911347949e-06,4.9208621956937237e-12,1.170264616771386e-09
1.65383304595133e-17,1753,806.45070780894878,-1.4875033369218815e-09,-7.1339839237912641e-21,0,2.1389998771278616e-18,35.245618612516644,178.28101390688497,178.28101390688497,-5.092332939429686e-24,0.019201078588886478,-0.019201078588886478,0,0,1.4399335674718377e-17,290,290,0,-0.00011050448971433565,0.018705385469306311,-2.8331418732883018e-06,4.8678964051052212e-12,1.1751325131764913e-09
1.6531442483525367e-17,1759,767.63928988187524,-1.452613418672063e-09,-6.8879759879329583e-21,0,2.1290328134684171e-18,35.669770108610017,178.28101390688497,178.28101390688497,-5.5685816105482697e-24,0.021022511993623871,-0.021022511993623871,0,0,1.4402415238638562e-17,291,291,0,-0.00011036941438931972,0.01997162714217475,-3.0586906881411959e-06,4.7935032129005957e-12,1.1799260163893919e-09
1.6524682153770125e-17,1765,730.87483402853957,-1.4272104413691458e-09,-6.7603297552436472e-21,0,2.1283501327464547e-18,34.967469859996271,178.28101390688497,178.28101390688497,-3.9115308957222955e-24,0.014674234495076401,-0.014674234495076401,0,0,1.4396335932554564e-17,292,292,0,-0.00011106572819392508,0.021097284448245324,-3.0897516264719648e-06,4.8113370017302828e-12,1.1847373533911222e-09
1.6517871747919423e-17,1771,765.41236797446015,-1.4115797434966807e-09,-6.8104058507024616e-21,0,2.1357776121538934e-18,34.319525270765055,178.28101390688497,178.28101390688497,-6.2059103867573136e-25,0.002302484005201064,-0.002302484005201064,0,0,1.4382094756356566e-17,293,293,0,-0.00011230462355612156,0.02208916459344832,-2.8236680324632231e-06,4.9204041288016767e-12,1.1896577575199239e-09
1.6511083671292877e-17,1777,738.67914840621609,-1.3764986146014508e-09,-6.7880766265438526e-21,0,2.1577187478730887e-18,34.686045955778702,178.28101390688497,178.28101390688497,3.0461885710115556e-24,0.011176905311423934,0.011176905311423934,0,0,1.4353361877231216e-17,294,294,0,-0.00011355963055565644,0.022927499247418898,-2.2212017198644725e-06,4.9912829761234076e-12,1.1946490404960473e-09
1.6504576069078488e-17,1783,680.39834310757453,-1.3109086517778355e-09,-6.5076022143897825e-21,0,2.1949162519223673e-18,35.078372392593934,178.28101390688497,178.28101390688497,5.474879552022699e-24,0.019960590264812211,0.019960590264812211,0,0,1.430965434227657e-17,295,295,0,-0.00011428518811718251,0.023593660050052,-1.3733682442422074e-06,4.9706839243127081e-12,1.19961972442036e-09
1.649855896762847e-17,1789,703.31945491326974,-1.259471107921377e-09,-6.0171014500186159e-21,0,2.2332855941391075e-18,34.575483888081031,178.28101390688497,178.28101390688497,5.6435834088762235e-24,0.02058479671385546,0.02058479671385546,0,0,1.4265267729905952e-17,296,296,0,-0.00011423445758146544,0.024079253827902537,-4.7634699986296253e-07,4.8129216166946024e-12,1.2044326460370546e-09
1.6492683256480798e-17,1795,616.76200163013175,-1.2588266065028705e-09,-5.8757111476701813e-21,0,2.2609054093657334e-18,33.489915791061875,178.28101390688497,178.28101390688497,3.5981642662194994e-24,0.013206113468801649,0.013206113468801649,0,0,1.42317742489508e-17,297,297,0,-0.00011352583895835715,0.024410852326699338,3.0979018267811022e-07,4.8023429009161429e-12,1.2092349889379707e-09
1.6486671833737277e-17,1801,626.68399836286414,-1.2919983453887559e-09,-6.011422743524046e-21,0,2.2782712787564978e-18,32.888677634928449,178.28101390688497,178.28101390688497,1.6418332694933197e-25,0.00060808719408176779,0.00060808719408176779,0,0,1.4208400390797451e-17,298,298,0,-0.00011249985236989334,0.024596728918789425,8.2981219250479929e-07,4.8349675136891106e-12,1.2140699564516598e-09
1.6480486075598773e-17,1807,619.12616206803136,-1.308144700591076e-09,-6.1857581385015144e-21,0,2.2944508434302479e-18,32.780723391679849,178.28101390688497,178.28101390688497,-3.2953121125169353e-24,0.012300506178288387,-0.012300506178288387,0,0,1.4186038527480637e-17,299,299,0,-0.00011162522042968621,0.024639484716279973,9.8669790953053967e-07,4.8658878082156947e-12,1.2189358442598755e-09
1.6474285540703188e-17,1813,548.60156327736752,-1.2864364614626633e-09,-6.2005348955855686e-21,0,2.3138251580861401e-18,32.378061842809316,178.28101390688497,178.28101390688497,-5.4323855593041925e-24,0.02033043272940686,-0.02033043272940686,0,0,1.4160465815002607e-17,300,300,0,-0.00011133525848517505,0.024534545390741833,7.9196485657771521e-07,4.8888506756874591e-12,1.223824694935563e-09
1.6468313572751504e-17,1819,555.83818469255493,-1.2360584049371088e-09,-5.9719679516857125e-21,0,2.3358235124575813e-18,32.623831113100117,178.28101390688497,178.28101390688497,-5.4309270646893186e-24,0.020230783336670746,-0.020230783336670746,0,0,1.4132495491220985e-17,301,301,0,-0.00011185361630818186,0.024274713144181281,3.7798476309417918e-07,4.844089645655771e-12,1.2286687845812188e-09
1.6462712228474873e-17,1825,559.04867490665424,-1.1645636055195925e-09,-5.6013442766282424e-21,0,2.3601089055331105e-18,34.340355430018192,178.28101390688497,178.28101390688497,-3.3380003454542862e-24,0.012299054581495676,-0.012299054581495676,0,0,1.4102606660942109e-17,302,302,0,-0.00011308458451476569,0.023855638753590994,-6.4803967444571147e-08,4.776953387868251e-12,1.2334457379690871e-09
1.6457414165764922e-17,1831,567.46759022991967,-1.0949737438180419e-09,-5.2980627099503321e-21,0,2.3813520505840052e-18,36.363121508092476,178.28101390688497,178.28101390688497,1.3424394440470089e-25,0.00048760374521974895,0.00048760374521974895,0,0,1.4076061980936975e-17,303,303,0,-0.0001147140016533124,0.023258748489596217,-3.752505704069487e-07,4.8225004040765399e-12,1.2382682383731635e-09
1.6452262553386535e-17,1837,555.75663297323581,-1.0700345475413101e-09,-5.151612378386743e-21,0,2.3876089504241949e-18,37.76159286696241,178.28101390688497,178.28101390688497,3.7154577084588908e-24,0.013315011067915486,0.013315011067915486,0,0,1.4064649887504634e-17,304,304,0,-0.00011626782513571283,0.022461815737713844,-4.378121239546317e-07,4.9270008195445556e-12,1.243195239192708e-09
1.6447147540886713e-17,1843,587.53072966856359,-1.1135920534890624e-09,-5.1150124998250007e-21,0,2.3718401217187333e-18,38.398155673220039,178.28101390688497,178.28101390688497,5.8084892636693208e-24,0.020645370443209233,0.020645370443209233,0,0,1.4075301610678716e-17,305,305,0,-0.00011722743684933521,0.021497223651414904,-2.287560854722718e-07,4.8350240709669578e-12,1.248030263263675e-09
1.644179215444597e-17,1849,667.50783943394163,-1.1920767037866925e-09,-5.3553864407421401e-21,0,2.3421172445728069e-18,38.461840488429033,178.28101390688497,178.28101390688497,5.6160686727879534e-24,0.019928227556978682,0.019928227556978682,0,0,1.409966929380449e-17,306,306,0,-0.00011742281680450465,0.020380449070475853,1.7203331226678225e-07,4.7630079737047874e-12,1.2527932712373797e-09
1.643600092019177e-17,1855,627.2328212263684,-1.2644211845525433e-09,-5.7912342542006778e-21,0,2.3102870364043097e-18,38.333503359002918,178.28101390688497,178.28101390688497,3.2200926022226674e-24,0.01147038976276314,0.01147038976276314,0,0,1.4125710663694857e-17,307,307,0,-0.00011697119964323939,0.019104405254581479,6.4966079608885289e-07,4.8158506424353209e-12,1.2576091218798151e-09
1.6429882898429508e-17,1861,560.15948768993178,-1.3036112152323256e-09,-6.1180217622596179e-21,0,2.2851602815301064e-18,37.657049362757846,178.28101390688497,178.28101390688497,-4.4366429229096238e-25,0.0015907584797305808,-0.0015907584797305808,0,0,1.4144723060563694e-17,308,308,0,-0.0001162087923109935,0.017701560619300227,1.0750129490575637e-06,4.8605099696452797e-12,1.2624696318494603e-09
1.6423598458024916e-17,1867,615.83698134624876,-1.2983102220541424e-09,-6.2844404045934211e-21,0,2.2700570618077667e-18,36.09445570338157,178.28101390688497,178.28101390688497,-3.9290639933207187e-24,0.014161888843828026,-0.014161888843828026,0,0,1.4153545325281142e-17,309,309,0,-0.00011559969261654963,0.01620943156599192,1.3634901734719703e-06,4.9276035332622561e-12,1.2673972353827226e-09
1.6417507063609745e-17,1873,659.33476200391362,-1.2487708990264478e-09,-6.0913944151704989e-21,0,2.2641466112308896e-18,34.915643828285312,178.28101390688497,178.28101390688497,-5.8052387817857003e-24,0.020927781222267152,-0.020927781222267152,0,0,1.4153366257617636e-17,310,310,0,-0.0001155807902768751,0.014716474384896917,1.4942853253936241e-06,4.8801597794203186e-12,1.2722773951621429e-09
1.6411691502122634e-17,1879,596.31845984275242,-1.1810215986324403e-09,-5.8155614871129836e-21,0,2.2606828663203826e-18,34.669132618670638,178.28101390688497,178.28101390688497,-5.3855312792014892e-24,0.019285583399124225,-0.019285583399124225,0,0,1.415101402133353e-17,311,311,0,-0.00011635486051386843,0.013257511512416425,1.5045698183974916e-06,4.9020056652665915e-12,1.2771794008274095e-09
1.6406203896841703e-17,1885,545.04502663454753,-1.1243167997091041e-09,-5.4876052809302986e-21,0,2.2547604907950276e-18,34.402497970460729,178.28101390688497,178.28101390688497,-2.7967782481289615e-24,0.0098912836679995817,-0.0098912836679995817,0,0,1.4151446202824923e-17,312,312,0,-0.0001178132494393705,0.011896786718644595,1.4250655559636592e-06,4.8865052882116763e-12,1.2820659061156211e-09
1.6400840184442116e-17,1891,574.70832033629108,-1.087377332461847e-09,-5.3637123995862651e-21,0,2.2488027013314673e-18,34.165769358989223,178.28101390688497,178.28101390688497,1.0816009885724415e-24,0.0037680899507175278,0.0037680899507175278,0,0,1.415203640150966e-17,313,313,0,-0.00011960093428397241,0.010650923306344394,1.2394539419290717e-06,4.9922005210178426e-12,1.2870581066366389e-09
1.6395521386198975e-17,1897,556.61324375866991,-1.0676076390427498e-09,-5.3187982431425369e-21,0,2.2496870100394956e-18,34.516577490892345,178.28101390688497,178.28101390688497,4.6613167833329669e-24,0.016033252887098053,0.016033252887098053,0,0,1.4145829714842694e-17,314,314,0,-0.00012113669883868968,0.0095653788987698878,8.8850589466889995e-07,5.0894502398581611e-12,1.2921475568764972e-09
1.6390307270141913e-17,1903,548.33258912137057,-1.0614152230656751e-09,-5.2141160570618666e-21,0,2.2609737949595483e-18,35.091040269736524,178.28101390688497,178.28101390688497,6.2377162222877212e-24,0.021329135681710385,0.021329135681710385,0,0,1.4129327237466141e-17,315,315,0,-0.00012185437163227858,0.0086873752543341447,3.3136205062382944e-07,5.0457725946214056e-12,1.2971933294711186e-09
1.6385202607506279e-17,1909,617.21839675946865,-1.0663436411189228e-09,-5.1046626356311532e-21,0,2.2793315686898275e-18,35.682540060662454,178.28101390688497,178.28101390688497,5.1632518372169359e-24,0.017696527905376357,0.017696527905376357,0,0,1.4105865875564615e-17,316,316,0,-0.00012156932386269172,0.0080183623296565427,-4.1104480726616504e-07,4.9319854393928942e-12,1.3021253149105115e-09
1.6380111715892073e-17,1915,550.19325169690046,-1.076408935266777e-09,-5.0908916142079504e-21,0,2.3002579241224178e-18,36.478571372772983,178.28101390688497,178.28101390688497,2.0211511884814713e-24,0.0069899664071143754,0.0069899664071143754,0,0,1.4079851770618465e-17,317,317,0,-0.00012047930983999434,0.0075326900944360084,-1.270140209406806e-06,4.8721649650553263e-12,1.3069974798755669e-09
1.6374987096996562e-17,1921,500.87003547161072,-1.0759929653702915e-09,-5.1246188955112838e-21,0,2.3228460454563443e-18,37.414384804601625,178.28101390688497,178.28101390688497,-1.8610511429170912e-24,0.0065147857185533474,-0.0065147857185533474,0,0,1.405214291259136e-17,318,318,0,-0.00011902739548397251,0.0072099708412869676,-2.1449110703010107e-06,4.8749662683093949e-12,1.3118724461438762e-09
1.6369940726795779e-17,1927,528.68931487453915,-1.0510868526432194e-09,-5.0463702007838e-21,0,2.3470985107236172e-18,38.138299613048162,178.28101390688497,178.28101390688497,-4.9125858985793535e-24,0.017377173923792469,-0.017377173923792469,0,0,1.4022847128658061e-17,319,319,0,-0.00011779307728921064,0.0070392764794291679,-2.9132762255708923e-06,4.8514230346517321e-12,1.316723869178528e-09
1.6364992115124283e-17,1933,516.49159967155833,-1.0003718268161612e-09,-4.94861167149533e-21,0,2.3701364899525684e-18,38.640115891331014,178.28101390688497,178.28101390688497,-6.0075857951502141e-24,0.021351666275077057,-0.021351666275077057,0,0,1.3994861632757509e-17,320,320,0,-0.00011723491345973065,0.0070088861618694933,-3.4912336948625004e-06,4.949727467821111e-12,1.3216735966463492e-09
1.6360169490369554e-17,1939,478.70259526876282,-9.4635530956356774e-10,-4.8226247547289856e-21,0,2.3816492656947855e-18,39.118563859309809,178.28101390688497,178.28101390688497,-4.5813826597415718e-24,0.016233908553729894,-0.016233908553729894,0,0,1.3978524806057426e-17,321,321,0,-0.00011758779071845425,0.007121843463956219,-3.7949394397009747e-06,5.1178589146267867e-12,1.326791455560976e-09
1.6355446219990618e-17,1945,429.99703851388495,-9.1988361767280006e-10,-4.7232703789345989e-21,0,2.3693602772598228e-18,38.890395150457152,178.28101390688497,178.28101390688497,-1.0256965574402485e-24,0.003600914341107762,-0.003600914341107762,0,0,1.3986086968427354e-17,322,322,0,-0.00011868473535216724,0.0073865718575149841,-3.7582029469461652e-06,5.2582675490426222e-12,1.3320497231100185e-09
1.6350735168407549e-17,1951,493.25727483171323,-9.2493776282146206e-10,-4.7110515830713969e-21,0,2.3321110030074861e-18,37.586595231704123,178.28101390688497,178.28101390688497,3.1092452413226604e-24,0.010801939036445754,0.010801939036445754,0,0,1.4018621056154821e-17,323,323,0,-0.00011993391614043153,0.0078085397282396801,-3.3772337584329337e-06,5.3013302313614431e-12,1.33735105334138e-09
1.6346113326840657e-17,1957,429.74189207873167,-9.3733168760101884e-10,-4.6218415668905952e-21,0,2.2825303642451295e-18,36.193296467354116,178.28101390688497,178.28101390688497,5.778400025277989e-24,0.019959101031237842,0.019959101031237842,0,0,1.4063577184195502e-17,324,324,0,-0.00012063001602281196,0.0083754164028569892,-2.7381246955581871e-06,5.1243316124899607e-12,1.3424753849538699e-09
1.634151143262325e-17,1963,431.07619970797111,-9.4302608677381958e-10,-4.6018942174075548e-21,0,2.2307403453820742e-18,34.660922613641091,178.28101390688497,178.28101390688497,5.8983188055759319e-24,0.020408202402252891,0.020408202402252891,0,0,1.411076518892237e-17,325,325,0,-0.00012042377800923151,0.0091005908109879612,-1.9396285120154911e-06,5.0369388696883888e-12,1.3475123238235582e-09
1.6336886420888674e-17,1969,454.06601877344832,-9.3684333838409278e-10,-4.6250117345748138e-21,0,2.1826078560809446e-18,32.934264284259406,178.28101390688497,178.28101390688497,3.4661224564520396e-24,0.012102764618722143,0.012102764618722143,0,0,1.4154275098685273e-17,326,326,0,-0.00011932956937406212,0.010011255642337435,-1.0814503051267335e-06,5.0658683876558637e-12,1.3525781922112141e-09
1.6332312180459649e-17,1975,467.72686531974387,-9.2645183898051186e-10,-4.5742404290263373e-21,0,2.1413560266750695e-18,32.372611149215899,178.28101390688497,178.28101390688497,-3.9378096174381593e-25,0.0013932895459884439,-0.0013932895459884439,0,0,1.4190956547565541e-17,327,327,0,-0.00011776116543679188,0.011106878434450813,-2.9735759829856157e-07,5.0593078585385769e-12,1.3576375000697527e-09
1.6327691916372104e-17,1981,519.85828189271899,-9.2370702420247887e-10,-4.6202640875447048e-21,0,2.1067589014169257e-18,32.773817181170394,178.28101390688497,178.28101390688497,-4.0492770042843759e-24,0.014504027889208328,-0.014504027889208328,0,0,1.4220937064232183e-17,328,328,0,-0.00011632622087282129,0.012408553262933769,3.0391275829749552e-07,5.1615312252902079e-12,1.362799031295043e-09
1.6323022871717567e-17,1987,563.9037981957581,-9.3945724849740029e-10,-4.6690446545382342e-21,0,2.0788419428353258e-18,32.931795096916495,178.28101390688497,178.28101390688497,-5.8699993704748119e-24,0.021151180685327051,-0.021151180685327051,0,0,1.4244186798881612e-17,329,329,0,-0.00011563577028715673,0.013878169687841491,6.3114666154090322e-07,5.1808757288337721e-12,1.3679799070238768e-09
1.6318274789305161e-17,1993,563.38603104597394,-9.6891379630500642e-10,-4.7480824124035145e-21,0,2.0585957342855604e-18,33.316769432844119,178.28101390688497,178.28101390688497,-5.1107288276935117e-24,0.018370883135956688,-0.018370883135956688,0,0,1.4259684165748431e-17,330,330,0,-0.00011591551310373781,0.015450284266662338,7.0243815925155404e-07,5.127164999269649e-12,1.3731070720231465e-09
1.6313401247111393e-17,1999,502.6001543305502,-9.8836523808325363e-10,-4.8735421937672373e-21,0,2.0489395124347281e-18,33.952694695939812,178.28101390688497,178.28101390688497,-2.1151671643854429e-24,0.0075361328544539686,-0.0075361328544539686,0,0,1.4264463849843829e-17,331,331,0,-0.00011694587513887634,0.017074024473157017,6.2997505514036071e-07,5.1129358001866308e-12,1.378220007823333e-09
1.6308544347979909e-17,2005,493.20406627044929,-9.8258699988742764e-10,-4.856899131484705e-21,0,2.0505659716295352e-18,34.15100492284715,178.28101390688497,178.28101390688497,1.8271479159859325e-24,0.0064397451363936214,0.0064397451363936214,0,0,1.4257976549202459e-17,332,332,0,-0.00011822077047088184,0.01866562866116854,5.4870339384708743e-07,5.0530727769038721e-12,1.383273080600237e-09
1.6303875153717519e-17,2011,501.31704616229484,-9.5884886840969583e-10,-4.6691942623913118e-21,0,2.0602525294584141e-18,34.321593159738455,178.28101390688497,178.28101390688497,4.9936723956843807e-24,0.017456198586265952,0.017456198586265952,0,0,1.4243617630586709e-17,333,333,0,-0.00011919530023978403,0.020140100043375041,5.4636204631463138e-07,4.927775122068061e-12,1.3882008557223051e-09
1.6299444985249678e-17,2017,492.62892316872495,-9.2345095113766817e-10,-4.4301684678404516e-21,0,2.0765956613953422e-18,34.632127576668971,178.28101390688497,178.28101390688497,6.1272538970953683e-24,0.02135787456157523,0.02135787456157523,0,0,1.4222843196600439e-17,334,334,0,-0.00011953541771029744,0.021449640208172645,6.3139259355676283e-07,4.8195313595548708e-12,1.3930203870818599e-09
1.629522166555794e-17,2023,449.18245189048497,-8.8352876422960774e-10,-4.223319691738588e-21,0,2.0996156550645941e-18,34.685215684735695,178.28101390688497,178.28101390688497,4.8505616350039006e-24,0.016959529163994996,0.016959529163994996,0,0,1.4195601159931709e-17,335,335,0,-0.00011917001517993709,0.022571257628951093,7.5390188397347934e-07,4.7905095618028961e-12,1.3978108966436628e-09
1.6291226126853063e-17,2029,520.05945759133647,-8.4580363300862634e-10,-3.9955387048762536e-21,0,2.1286798482778843e-18,34.920014051831387,178.28101390688497,178.28101390688497,1.7447183217720134e-24,0.0061460145076065679,0.0061460145076065679,0,0,1.4162544533856855e-17,336,336,0,-0.00011828250104275221,0.023465342477271327,8.4047479367084944e-07,4.7393536750181621e-12,1.402550250318681e-09
1.6287410805364871e-17,2035,510.12889951782512,-8.1301803077466205e-10,-3.8153214881925855e-21,0,2.1621459450936506e-18,35.70117714595942,178.28101390688497,178.28101390688497,-1.9532099225827892e-24,0.0069417062959136206,-0.0069417062959136206,0,0,1.4125266813481141e-17,337,337,0,-0.00011723882184732085,0.024116046203129845,8.4432384354625663e-07,4.7198731793498912e-12,1.407270123498031e-09
1.6283672233000493e-17,2041,430.36217475460455,-7.8314979714832324e-10,-3.7385723643781037e-21,0,2.1973013210407903e-18,36.190323834745378,178.28101390688497,178.28101390688497,-4.9139654629974462e-24,0.017581777181174825,-0.017581777181174825,0,0,1.4086375825925166e-17,338,338,0,-0.00011645498566403365,0.024519544843394497,7.7358588793938298e-07,4.8181088049953297e-12,1.4120882323030263e-09
1.6280014954698439e-17,2047,455.96060315024249,-7.5779562032969593e-10,-3.6572783020519284e-21,0,2.2284942746237276e-18,35.905771194931134,178.28101390688497,178.28101390688497,-5.9585986872255012e-24,0.021344317146170164,-0.021344317146170164,0,0,1.4051526638673399e-17,339,339,0,-0.00011631899188944449,0.02466187175153297,6.9778742258649802e-07,4.8939747965862684e-12,1.4169822070996127e-09
1.6276430500334331e-17,2053,458.8492322342633,-7.4257940058389247e-10,-3.5844543641102608e-21,0,2.2504323011811476e-18,35.66504066208455,178.28101390688497,178.28101390688497,-4.6129652513929714e-24,0.016432720847432115,-0.016432720847432115,0,0,1.4026002812118433e-17,340,340,0,-0.00011696595302697892,0.02455178301148609,7.1866392293063054e-07,4.937909708847921e-12,1.4219201168084606e-09
1.6272884649474795e-17,2059,473.78343348058337,-7.3877280241826478e-10,-3.5458508595360861e-21,0,2.2624371103175065e-18,35.787868969851743,178.28101390688497,178.28101390688497,-1.3528220626850136e-24,0.0047704911844186244,-0.0047704911844186244,0,0,1.401044889197935e-17,341,341,0,-0.0001181588724642992,0.02421890105822028,9.0471053293910699e-07,4.9445123821081351e-12,1.4268646291905687e-09
1.6269274287429705e-17,2065,484.75621929962375,-7.371920847832795e-10,-3.6103620450890553e-21,0,2.2690560031414402e-18,35.666384473340614,178.28101390688497,178.28101390688497,2.6182589786761926e-24,0.0091360951729166362,0.0091360951729166362,0,0,1.4000215666029285e-17,342,342,0,-0.00011941001275344752,0.023687341443210271,1.2435868618256125e-06,5.055919603257841e-12,1.4319205487938267e-09
1.6265614935979316e-17,2071,496.32477275901039,-7.3400572355611727e-10,-3.6593514503882676e-21,0,2.2735117135801173e-18,35.249276763688748,178.28101390688497,178.28101390688497,5.5475358147137263e-24,0.019243154452888264,0.019243154452888264,0,0,1.3992097674863384e-17,343,343,0,-0.0001201192487328748,0.022984906858268043,1.6082054095104832e-06,5.1509381869189489e-12,1.4370714869807456e-09
1.6261963246756853e-17,2077,491.57831566993809,-7.3692082920446241e-10,-3.6516892224628629e-21,0,2.2742448979617893e-18,35.206011042472532,178.28101390688497,178.28101390688497,5.9854143737204455e-24,0.020801291848009832,0.020801291848009832,0,0,1.3987712363380692e-17,344,344,0,-0.00011989268137472372,0.022151205630108608,1.7909989172065253e-06,5.1462377643788232e-12,1.4422177247451245e-09
1.6258234320803403e-17,2083,467.20606968363921,-7.5573484486764584e-10,-3.728925953451455e-21,0,2.2672790002474382e-18,35.638928867504269,178.28101390688497,178.28101390688497,3.7218078543007214e-24,0.013057915131731277,0.013057915131731277,0,0,1.3990951598748111e-17,345,345,0,-0.00011875963788870101,0.021200159474327192,1.6183417518470378e-06,5.1791598743385042e-12,1.4473968846194631e-09
1.6254440264042066e-17,2089,431.99763910116434,-7.8431861528351747e-10,-3.7940567613386894e-21,0,2.2518588463845438e-18,35.757372525553293,178.28101390688497,178.28101390688497,-8.1374499824933716e-26,0.00028937822988351735,-0.00028937822988351735,0,0,1.400258149903202e-17,346,346,0,-0.00011716859836812442,0.020169538011560684,1.0359036826307602e-06,5.0867324726540636e-12,1.4524836170921172e-09
1.6250522904545866e-17,2095,488.45456533892605,-8.0675904499876988e-10,-3.9173594961974084e-21,0,2.2308272946329002e-18,35.541333239966022,178.28101390688497,178.28101390688497,-3.7388649372452405e-24,0.013464517157138188,-0.013464517157138188,0,0,1.4019699348777903e-17,347,347,0,-0.00011570117014504039,0.019057526767836185,1.160201323138305e-07,5.0654066949329529e-12,1.4575490237870502e-09
1.6246461412275019e-17,2101,516.26194634387821,-8.0928266728239004e-10,-4.0614922708450865e-21,0,2.2071827876787548e-18,35.841904169461088,178.28101390688497,178.28101390688497,-5.7649467924526267e-24,0.020909144602251808,-0.020909144602251808,0,0,1.4039284389543059e-17,348,348,0,-0.00011488089107495422,0.017844451655384078,-9.9109985148002576e-07,5.1719746844282257e-12,1.4627209984714784e-09
1.6242419495489205e-17,2107,588.6587422194965,-7.9610528054886351e-10,-4.041916785817152e-21,0,2.1819518251505334e-18,36.281281339855632,178.28101390688497,178.28101390688497,-5.2368067994950036e-24,0.01896725549065539,-0.01896725549065539,0,0,1.4060472907145469e-17,349,349,0,-0.00011504051464895097,0.016564293074237343,-2.0424306890071269e-06,5.1882786040601508e-12,1.4679092770755386e-09
1.6238407743346043e-17,2113,539.13517977873937,-7.7712490844687374e-10,-4.0117521431612769e-21,0,2.1558029840773882e-18,36.18639728258615,178.28101390688497,178.28101390688497,-2.305729090277713e-24,0.0082745134583601578,-0.0082745134583601578,0,0,1.4082607064997745e-17,350,350,0,-0.00011610597518719112,0.015223812155309897,-2.8549212453464863e-06,5.2668331130194083e-12,1.473176110188558e-09
1.623453467893278e-17,2119,476.62238811183988,-7.6074090837043447e-10,-3.8730644132628002e-21,0,2.1327978776230889e-18,36.285106854730486,178.28101390688497,178.28101390688497,1.7185491248167845e-24,0.0060899431540637847,0.0060899431540637847,0,0,1.4101735082760568e-17,351,351,0,-0.00011758108692066123,0.013891740234071571,-3.3081405499111006e-06,5.2052586119159208e-12,1.4783813688004739e-09
1.6230809854438073e-17,2125,491.10569412861975,-7.4987825399310549e-10,-3.7248244947075698e-21,0,2.117485412650914e-18,36.661314630713392,178.28101390688497,178.28101390688497,4.9921697811997862e-24,0.017507710559990876,0.017507710559990876,0,0,1.4113319449617379e-17,352,352,0,-0.00011880883768543601,0.012622357857264599,-3.4138903903545118e-06,5.0893787150530582e-12,1.4834707475155269e-09
1.6227210834658725e-17,2131,486.56281480686391,-7.3898718213278977e-10,-3.5990197793465449e-21,0,2.1135075455268913e-18,36.680884016527486,178.28101390688497,178.28101390688497,6.1107125219348908e-24,0.021339446927950395,0.021339446927950395,0,0,1.4113697178419314e-17,353,353,0,-0.00011931566108860075,0.011452591968412621,-3.2563736585162164e-06,4.979122039810508e-12,1.4884498695553375e-09
1.6223704012488471e-17,2137,506.75834369540723,-7.2020484505111679e-10,-3.5068221702552124e-21,0,2.1221105379405302e-18,36.338948131857563,178.28101390688497,178.28101390688497,4.6680541351998208e-24,0.016349176975676973,0.016349176975676973,0,0,1.4101588806493806e-17,354,354,0,-0.00011896761281790833,0.01039820352056719,-2.9338732598145849e-06,4.9450331982654695e-12,1.4933949027536031e-09
1.622032390724829e-17,2143,489.64022884643225,-6.9063309373843692e-10,-3.3801052401809396e-21,0,2.1412407537361843e-18,35.605953811788389,178.28101390688497,178.28101390688497,1.3226895282047515e-24,0.0046715065733775943,0.0046715065733775943,0,0,1.4079081830822576e-17,355,355,0,-0.00011797492481181708,0.0094835753601074865,-2.5365109293810928e-06,4.9343045192285519e-12,1.4983292072728316e-09
1.6217140529489324e-17,2149,466.85210348108666,-6.5595951399369527e-10,-3.1833777589667161e-21,0,2.1657326337279821e-18,34.723075461047706,178.28101390688497,178.28101390688497,-2.4592222084854319e-24,0.0087703222242142276,-0.0087703222242142276,0,0,1.405141035498355e-17,356,356,0,-0.00011683446673977189,0.0087375372483742657,-2.1358493397225842e-06,4.8769881874177492e-12,1.5032061954602492e-09
1.6214120221825758e-17,2155,393.59294893376386,-6.2855588017891058e-10,-3.0203076635654435e-21,0,2.1900300122814857e-18,34.445139647116228,178.28101390688497,178.28101390688497,-5.2063319612724602e-24,0.018687012497401147,-0.018687012497401147,0,0,1.4024095415876234e-17,357,357,0,-0.00011608623819168658,0.0081644669932614509,-1.7607855040855004e-06,4.8645348000998049e-12,1.508070730260349e-09
1.6211162572281882e-17,2161,349.43719140878858,-6.2026070163990987e-10,-2.957649543873904e-21,0,2.2096549971364344e-18,34.687516105332548,178.28101390688497,178.28101390688497,-5.8936963788415914e-24,0.021146360952563829,-0.021146360952563829,0,0,1.4001513468841827e-17,358,358,0,-0.00011612905076319352,0.0077647872480100626,-1.4185083448185953e-06,4.9138527147107125e-12,1.5129845829750597e-09
1.6208190089654179e-17,2167,392.79828348066701,-6.3215170203760523e-10,-2.9724826277060906e-21,0,2.2223541296718293e-18,34.943874895063651,178.28101390688497,178.28101390688497,-4.2177169827332647e-24,0.015011915784553327,-0.015011915784553327,0,0,1.3985840177699332e-17,359,359,0,-0.00011706580967820871,0.0075420501427486512,-1.1275391210731262e-06,4.9195188157488655e-12,1.5179041017908086e-09
1.6205118867498764e-17,2173,422.2772056700851,-6.5094951446511019e-10,-3.0712221554147522e-21,0,2.2297738905635478e-18,35.647416875627741,178.28101390688497,178.28101390688497,-7.6875118692290729e-25,0.0026998566636732275,-0.0026998566636732275,0,0,1.3975345745686401e-17,360,360,0,-0.00011864074077009845,0.0074874237958455431,-9.0692083477027464e-07,4.945036297694858e-12,1.5228491380885033e-09
1.6201915594627429e-17,2179,438.80923940172721,-6.588313303390293e-10,-3.2032728713357578e-21,0,2.235339457960659e-18,36.880508183396842,178.28101390688497,178.28101390688497,3.167939456532037e-24,0.010967367850526297,0.010967367850526297,0,0,1.3966572968727314e-17,361,361,0,-0.00012035474614736004,0.0075931914353637633,-7.6063174485284436e-07,5.046311987959278e-12,1.5278954500764626e-09
1.6198713206089182e-17,2185,437.41331866570619,-6.4727458750641416e-10,-3.2023885382450773e-21,0,2.2409528364542558e-18,37.577804291589985,178.28101390688497,178.28101390688497,5.8243334613115517e-24,0.019961505940254747,0.019961505940254747,0,0,1.3957754545301465e-17,362,362,0,-0.00012157427481388673,0.0078490306613587628,-6.7119846312247012e-07,5.058519481545522e-12,1.5329539695580081e-09
1.6195648219111332e-17,2191,415.3620749001679,-6.223368557467557e-10,-3.0649869778495657e-21,0,2.245649597841945e-18,37.355183059755795,178.28101390688497,178.28101390688497,5.9821065068940923e-24,0.020445281035905233,0.020445281035905233,0,0,1.394999263916288e-17,363,363,0,-0.00012191294282016034,0.0082359617211693395,-6.0176432827736484e-07,4.9896130083290665e-12,1.5379435825663371e-09
1.6192724693609426e-17,2197,388.06001829866972,-6.0090522375244255e-10,-2.9235255019057272e-21,0,2.2459380238811755e-18,36.828341261661947,178.28101390688497,178.28101390688497,3.6337600932883393e-24,0.012468452075041455,0.012468452075041455,0,0,1.3946783035968157e-17,364,364,0,-0.00012143181017372136,0.0087430140856520171,-5.2003157281194034e-07,4.9522116385034368e-12,1.5428957942048405e-09
1.6189852447360865e-17,2203,373.12423803696686,-5.913170189353518e-10,-2.8722462485635554e-21,0,2.2397281155822331e-18,36.438846253104472,178.28101390688497,178.28101390688497,-2.2701602422214623e-25,0.00078466693833186994,-0.00078466693833186994,0,0,1.3950124558794656e-17,365,365,0,-0.00012054797452489224,0.0093754147188770277,-4.084299650064592e-07,5.0016892353712679e-12,1.5478974834402118e-09
1.6186992903905227e-17,2209,363.55082783483653,-5.9061132238238819e-10,-2.8595434556361153e-21,0,2.2278504635951391e-18,36.116323236237733,178.28101390688497,178.28101390688497,-3.9561201224065518e-24,0.01374827251013897,-0.01374827251013897,0,0,1.3959146396430209e-17,366,366,0,-0.00011989749134808469,0.010133088824559489,-2.6157237317037926e-07,5.0202187484960777e-12,1.5529177021887078e-09
1.6184122093340375e-17,2215,386.7755123940982,-5.9081820567851072e-10,-2.8708105648524099e-21,0,2.2124377973735313e-18,35.663208840514592,178.28101390688497,178.28101390688497,-6.0233121828191382e-24,0.020906160913386963,-0.020906160913386963,0,0,1.3971690319279026e-17,367,367,0,-0.00012004659391582012,0.011021089133588076,-7.3541759197679924e-08,5.0362363145116898e-12,1.5579539385032195e-09
1.6181216398412323e-17,2221,422.39646597115342,-5.8533420665628969e-10,-2.905694928050134e-21,0,2.1945587720775266e-18,35.449092042465402,178.28101390688497,178.28101390688497,-5.5458070948905759e-24,0.019054254710989708,-0.019054254710989708,0,0,1.3986663172141893e-17,368,368,0,-0.0001212722822935724,0.012059102548423456,1.7999205921268488e-07,5.1257694667155592e-12,1.5630797079699351e-09
1.6178329460034288e-17,2227,498.05694349283834,-5.7967743429451498e-10,-2.8869383780364479e-21,0,2.1730649964489848e-18,35.85188963561513,178.28101390688497,178.28101390688497,-2.5906939763796026e-24,0.0087473467214852392,-0.0087473467214852392,0,0,1.4005267054279281e-17,369,369,0,-0.00012340379978773494,0.013235136358075567,5.3874993062128246e-07,5.1516045978994389e-12,1.5682313125678345e-09
1.6175457586676486e-17,2233,598.0301876392848,-5.8280052028892182e-10,-2.8718733577998348e-21,0,2.1468041194732868e-18,35.988369326690261,178.28101390688497,178.28101390688497,1.636359692314647e-24,0.0054175392771141683,0.0054175392771141683,0,0,1.4028651830843507e-17,370,370,0,-0.00012585354781727306,0.01452799212869618,1.0313612768796398e-06,5.1404384980300231e-12,1.5733717510658645e-09
1.6172555858666783e-17,2239,668.62863352247234,-5.9713374827383768e-10,-2.9017280097041438e-21,0,2.1174072172902226e-18,35.238969944961639,178.28101390688497,178.28101390688497,5.2589809259756357e-24,0.017134795695960835,0.017134795695960835,0,0,1.4055143382395634e-17,371,371,0,-0.00012788258998649196,0.015907973676208279,1.6235166811391174e-06,5.1110035380605364e-12,1.5784827546039249e-09
1.6169531563259498e-17,2245,701.82789075499988,-6.173097853256064e-10,-3.0242954072860819e-21,0,2.0883637282982978e-18,34.285406470393355,178.28101390688497,178.28101390688497,6.6044803897715632e-24,0.021344719572454797,0.021344719572454797,0,0,1.408116123048081e-17,372,372,0,-0.0001289249465062997,0.017364236426791101,2.2070792480079398e-06,5.162670280879956e-12,1.583645424884805e-09
1.6166433563579886e-17,2251,684.61040357032653,-6.284282675185045e-10,-3.0979996796137249e-21,0,2.0644754420283898e-18,33.584852500423288,178.28101390688497,178.28101390688497,4.9650573237235029e-24,0.016069429566843145,0.016069429566843145,0,0,1.4101953156494172e-17,373,373,0,-0.00012873972136214377,0.018834914848159551,2.5891080392626708e-06,5.1399498933661388e-12,1.5887853747781711e-09
1.6163340973563861e-17,2257,623.07302831844333,-6.2283048481134605e-10,-3.0925900160228505e-21,0,2.0465673064649608e-18,33.080965672044073,178.28101390688497,178.28101390688497,1.1584679249900345e-24,0.003783392729363351,0.003783392729363351,0,0,1.4116772508630977e-17,374,374,0,-0.0001275825702681113,0.020266243352779822,2.5834667823039246e-06,5.1033837965075568e-12,1.5938887585746787e-09
1.6160289975612917e-17,2263,561.05740983669375,-6.0340587109588837e-10,-3.0509979509438212e-21,0,2.0319595448753442e-18,32.860075522913171,178.28101390688497,178.28101390688497,-3.1047855626581842e-24,0.010266475798933385,-0.010266475798933385,0,0,1.4128333535523137e-17,375,375,0,-0.00012600825019643333,0.02162145345763377,2.0706196097250602e-06,5.1486840343915245e-12,1.5990374426090702e-09
1.6157344815020423e-17,2269,542.16639168457141,-5.7904283311076706e-10,-2.9451605924963597e-21,0,2.0179474475348979e-18,32.966505754126459,178.28101390688497,178.28101390688497,-5.918786706939356e-24,0.01977806477687663,-0.01977806477687663,0,0,1.413940328627223e-17,376,376,0,-0.00012469173074882169,0.022824757772650688,1.0616442075866386e-06,5.1678259184638986e-12,1.6042052685275341e-09
1.6154521540182349e-17,2275,520.16748114339509,-5.5481139270285107e-10,-2.8232748380716521e-21,0,2.0045177247171977e-18,33.462868477834874,178.28101390688497,178.28101390688497,-6.0891927448718491e-24,0.020440087248290936,-0.020440087248290936,0,0,1.4150009904657896e-17,377,377,0,-0.00012412684999215726,0.023805870666457663,-2.6552210168887544e-07,5.1732320555265493e-12,1.6093785005830606e-09
1.6151888749086404e-17,2281,466.62269292916994,-5.2493274163598941e-10,-2.6327910959454777e-21,0,1.9957675714362325e-18,33.724216828370622,178.28101390688497,178.28101390688497,-3.6434468193397897e-24,0.012203497205489754,-0.012203497205489754,0,0,1.415612482109699e-17,378,378,0,-0.00012439899938746356,0.024497242887215994,-1.5905580832744151e-06,5.061000137951055e-12,1.6144395007210117e-09
1.6149467236141264e-17,2287,394.69422899488728,-4.8488738986215741e-10,-2.4215129451420116e-21,0,1.9950874490659729e-18,33.234688641578821,178.28101390688497,178.28101390688497,3.198452211969827e-25,0.0010644858881367495,0.0010644858881367495,0,0,1.4154379467230067e-17,379,379,0,-0.00012519549920825599,0.024884824636385861,-2.6481197431902062e-06,4.9859182306452754e-12,1.6194254189516569e-09
1.6147257332065977e-17,2293,309.077955251444,-4.4405826153524667e-10,-2.2099040752834616e-21,0,2.0021413043896978e-18,33.12043214745708,178.28101390688497,178.28101390688497,4.1957742643935966e-24,0.013867629352518509,0.013867629352518509,0,0,1.4145111831902016e-17,380,380,0,-0.00012606619577071318,0.024964393587160606,-3.2837339345737671e-06,4.9763487194090361e-12,1.6244017676710659e-09
1.6145222645089407e-17,2299,258.63301370194233,-4.2209385451038145e-10,-2.0346869765715884e-21,0,2.0132945415465824e-18,34.182573450112926,178.28101390688497,178.28101390688497,6.3469716278850869e-24,0.020886716862209012,0.020886716862209012,0,0,1.4131921756571197e-17,381,381,0,-0.00012661499311095414,0.024739000599692435,-3.4739515792085178e-06,4.9475470927156454e-12,1.6293493147637815e-09
1.6143237912125227e-17,2305,299.38107609004891,-4.31596519664785e-10,-1.9847329641800202e-21,0,2.0252467212279638e-18,35.474088344171726,178.28101390688497,178.28101390688497,5.8913040441230652e-24,0.019376375282752996,0.019376375282752996,0,0,1.411798529959322e-17,382,382,0,-0.00012668571817811889,0.024233584449023602,-3.3344955865907681e-06,4.8972661795088121e-12,1.6342465809432904e-09
1.6141133826307829e-17,2311,366.04836511430784,-4.6230106642966659e-10,-2.1040858173976964e-21,0,2.0395794134509253e-18,36.637475567277882,178.28101390688497,178.28101390688497,3.0263149529392434e-24,0.0099756750247381402,0.0099756750247381402,0,0,1.4101551386541951e-17,383,383,0,-0.00012640393362829463,0.023474946462882961,-3.0311305284086242e-06,4.9283647666759601e-12,1.6391749457099663e-09
1.6138869017329534e-17,2317,388.65768986044844,-4.9068170211295691e-10,-2.2648089782958762e-21,0,2.0603298126988526e-18,37.958305675465553,178.28101390688497,178.28101390688497,-1.0686884180774533e-24,0.0035309836345484087,-0.0035309836345484087,0,0,1.40785402733191e-17,384,384,0,-0.00012610844086302135,0.022509842262136485,-2.6998608002593876e-06,4.9406452917666074e-12,1.6441155910017328e-09
1.6136524253980271e-17,2323,388.47178531032233,-5.0085072437758589e-10,-2.3447633492640723e-21,0,2.0887618059909483e-18,38.880564199757018,178.28101390688497,178.28101390688497,-4.6974429062393521e-24,0.015508439828514553,-0.015508439828514553,0,0,1.4047767145432226e-17,385,385,0,-0.00012620662679435065,0.02140372971972767,-2.3984553592359651e-06,4.8987341537851672e-12,1.649014325155518e-09
1.6134199957368205e-17,2329,452.23572502500991,-4.932089780066492e-10,-2.324296612063138e-21,0,2.1218643386886552e-18,38.799817888633726,178.28101390688497,178.28101390688497,-6.4643259927979461e-24,0.021211623680534648,-0.021211623680534648,0,0,1.4012342083005542e-17,386,386,0,-0.00012698081034401743,0.020214983361685354,-2.1045019392942049e-06,4.8453273604302705e-12,1.6538596525159482e-09
1.6131912101697529e-17,2335,497.86028547326941,-4.8111708559056336e-10,-2.2878556706768606e-21,0,2.1548860635579164e-18,37.986122952678429,178.28101390688497,178.28101390688497,-5.699465348694211e-24,0.018478786168504312,-0.018478786168504312,0,0,1.3977031737604961e-17,387,387,0,-0.00012851370252175566,0.018968471226746466,-1.753920994213404e-06,4.8860651005313589e-12,1.6587457176164795e-09
1.6129637394094441e-17,2341,517.63673555772448,-4.7680726448229035e-10,-2.2747076030879506e-21,0,2.1841553780764454e-18,37.042548918402844,178.28101390688497,178.28101390688497,-2.5535172862587782e-24,0.0081454914255588567,-0.0081454914255588567,0,0,1.3945484569535284e-17,388,388,0,-0.00013062017751347584,0.017697523639815079,-1.2977356182522758e-06,4.9561634302756143e-12,1.6637018810467551e-09
1.6127358632936589e-17,2347,521.08765394805846,-4.8244355545381502e-10,-2.2787611578529586e-21,0,2.2087313363239027e-18,36.303258085933251,178.28101390688497,178.28101390688497,1.7675618702758055e-24,0.0055458372991453835,0.0055458372991453835,0,0,1.3918625529050815e-17,389,389,0,-0.00013279944450022343,0.016454674524339387,-7.5131086210503179e-07,4.9550578904372575e-12,1.6686569389371924e-09
1.6125072355965255e-17,2353,505.74405971907555,-4.9287204201084356e-10,-2.2862769713338489e-21,0,2.2291085560048977e-18,35.977577604491735,178.28101390688497,178.28101390688497,5.4238949654919424e-24,0.016809994899820789,0.016809994899820789,0,0,1.3895958376065391e-17,390,390,0,-0.00013444122077905884,0.015283386960070432,-1.9700132742162775e-07,4.8741377556164885e-12,1.6735310766928088e-09
1.612273493311442e-17,2359,467.89103483446775,-5.0093450796634573e-10,-2.3374228508355259e-21,0,2.2457537038771046e-18,36.21693006466738,178.28101390688497,178.28101390688497,6.9267342458661067e-24,0.021358071355033779,0.021358071355033779,0,0,1.3876974302503069e-17,391,391,0,-0.00013513108094528317,0.014177180354228184,2.7449818295324802e-07,4.8803820119811443e-12,1.6784114587047899e-09
1.6120398376722572e-17,2365,466.45773177605156,-5.0237522444231732e-10,-2.3365563918468748e-21,0,2.2568889702718942e-18,36.66287797855491,178.28101390688497,178.28101390688497,5.6400960298100685e-24,0.01744392320251097,0.01744392320251097,0,0,1.3863503766354648e-17,392,392,0,-0.00013471969494116182,0.013159313108396024,5.7568005302372212e-07,4.8238062884045532e-12,1.6832352649931945e-09
1.6118093898331209e-17,2371,457.74964940555668,-4.9768466154507356e-10,-2.3044783913624162e-21,0,2.2603573650529059e-18,36.744691075049154,178.28101390688497,178.28101390688497,2.1898644836758477e-24,0.0068380417414370606,0.0068380417414370606,0,0,1.385773434341382e-17,393,393,0,-0.00013343637979504341,0.012234208315708095,6.8039254183138235e-07,4.7715596193031268e-12,1.6880068246124976e-09
1.6115851460352899e-17,2377,436.61245364846224,-4.8915837055907656e-10,-2.2424379783095073e-21,0,2.2549275723164433e-18,36.334091384682836,178.28101390688497,178.28101390688497,-1.9627976137844465e-24,0.0062066310724465364,-0.0062066310724465364,0,0,1.3860925850834071e-17,394,394,0,-0.00013176751276670334,0.011409811537412646,6.2350549898274497e-07,4.703484360243781e-12,1.6927103089727413e-09
1.6113634773481038e-17,2383,416.37081111477499,-4.8122404983267115e-10,-2.2166868718621366e-21,0,2.2400012866423508e-18,35.397795577011387,178.28101390688497,178.28101390688497,-5.3111938187951101e-24,0.016992612404919311,-0.016992612404919311,0,0,1.3873638798032507e-17,395,395,0,-0.00013023291367822947,0.010676837903996426,4.783381734851499e-07,4.7362234509149754e-12,1.6974465324236564e-09
1.611142506705645e-17,2389,412.5732256270054,-4.755576350331329e-10,-2.209706424587857e-21,0,2.2163074691563364e-18,33.873954156527716,178.28101390688497,178.28101390688497,-6.6285906598313631e-24,0.021359209219208718,-0.021359209219208718,0,0,1.3895124226490773e-17,396,396,0,-0.00012930781971301573,0.010045283447058521,3.2808123110569036e-07,4.7948807163998245e-12,1.7022414131400562e-09
1.6109272506083076e-17,2395,393.89534642783241,-4.693856871970774e-10,-2.1525609733753755e-21,0,2.1875244360871759e-18,32.524908469588794,178.28101390688497,178.28101390688497,-5.4518474048303741e-24,0.017574356787755829,-0.017574356787755829,0,0,1.3921753521843306e-17,397,397,0,-0.0001292566842007575,0.0095436373507354032,2.4217165334267519e-07,4.722605998573243e-12,1.7069640191386293e-09
1.6107166347004195e-17,2401,415.08699082161149,-4.5976210609202388e-10,-2.1061590788807321e-21,0,2.1574745048525296e-18,32.28595458236039,178.28101390688497,178.28101390688497,-2.2635661360241762e-24,0.0072549697375186434,-0.0072549697375186434,0,0,1.39496941057178e-17,398,398,0,-0.00013000089466936264,0.0091737225494494135,2.4744614734916165e-07,4.6956447391655854e-12,1.711659663877795e-09
1.6105100294016464e-17,2407,446.31735255247236,-4.4473670809052328e-10,-2.0660529877307867e-21,0,2.129836023433257e-18,32.906134987964862,178.28101390688497,178.28101390688497,1.8520585853272415e-24,0.0058795049120983316,0.0058795049120983316,0,0,1.3975262418524622e-17,399,399,0,-0.000131251030274909,0.0089377794712673445,3.4074282488679579e-07,4.7391721001397482e-12,1.7163988359779348e-09
1.6103116901516366e-17,2413,459.1303661628728,-4.2481452161305656e-10,-1.983392500098888e-21,0,2.1081788037469054e-18,33.879302735568459,178.28101390688497,178.28101390688497,5.3431277968624786e-24,0.016793743230360664,0.016793743230360664,0,0,1.3994932754641662e-17,400,400,0,-0.00013256742217354476,0.0088419934939786352,4.9398668335320207e-07,4.7419527845748393e-12,1.7211407887625096e-09
1.6101211420690462e-17,2419,443.40815079041664,-4.0340583157696756e-10,-1.9054808259030761e-21,0,2.0937408644065042e-18,35.387406857634431,178.28101390688497,178.28101390688497,6.8441607920835063e-24,0.02135136871042969,0.02135136871042969,0,0,1.4007463712123163e-17,401,401,0,-0.00013356210096144428,0.0088846938156219978,6.6398027083821038e-07,4.8014178849666337e-12,1.7259422066474763e-09
1.6099381901477891e-17,2425,418.29137157658334,-3.852089064452208e-10,-1.829519212569828e-21,0,2.0860063687215185e-18,36.995243514691296,178.28101390688497,178.28101390688497,5.6364389894907368e-24,0.017524164644660053,0.017524164644660053,0,0,1.4013369896317385e-17,402,402,0,-0.00013401587426523369,0.0090629960733883182,7.9275620416339584e-07,4.8625633313805907e-12,1.7308047699788569e-09
1.6097621118491074e-17,2431,410.70893999989471,-3.7498806075038879e-10,-1.7607829868183084e-21,0,2.0830307063062275e-18,38.008505939895166,178.28101390688497,178.28101390688497,2.1593124108378614e-24,0.0067141328160117966,0.0067141328160117966,0,0,1.4014588252872434e-17,403,403,0,-0.00013400293517725232,0.0093664803733197882,8.1632910772141716e-07,4.8674545728641914e-12,1.735672224551721e-09
1.6095896673875901e-17,2437,428.8654612480766,-3.7390880095906198e-10,-1.7244446151732285e-21,0,2.0829985728122221e-18,38.663187698597682,178.28101390688497,178.28101390688497,-2.151363804729887e-24,0.0066959027337852479,-0.0066959027337852479,0,0,1.4012900252427481e-17,404,404,0,-0.00013387314913953344,0.0097802974168412354,6.9122896316962393e-07,4.8392154680110612e-12,1.740511440019732e-09
1.6094150878390931e-17,2443,457.75048675646144,-3.7930389437642716e-10,-1.7457954849687716e-21,0,2.0850296093690725e-18,38.941206230997118,178.28101390688497,178.28101390688497,-5.6348297389686138e-24,0.017511946380926575,-0.017511946380926575,0,0,1.4009126903851597e-17,405,405,0,-0.00013407108915816372,0.010296897263934755,4.0778621763981091e-07,4.8666925119281257e-12,1.7453781325316601e-09
1.6092349404186139e-17,2449,477.06992042511035,-3.8810393113536564e-10,-1.8014742047935229e-21,0,2.0882803679470181e-18,38.437154257423678,178.28101390688497,178.28101390688497,-6.9136397548355069e-24,0.021345556207751689,-0.021345556207751689,0,0,1.4004075949878875e-17,406,406,0,-0.00013495470453637651,0.010908916094183001,-6.9588357885883547e-09,4.9266640658768201e-12,1.7503047965975368e-09
1.6090496478307621e-17,2455,467.99575888649292,-3.9842449988867311e-10,-1.8529258785172434e-21,0,2.0911539749986038e-18,37.535836618929494,178.28101390688497,178.28101390688497,-5.393688915136065e-24,0.016452236008240945,-0.016452236008240945,0,0,1.3999347896997933e-17,407,407,0,-0.00013659969259987586,0.011597393670023451,-4.796443383892013e-07,4.9378093145819073e-12,1.7552426059121188e-09
1.6088594788633737e-17,2461,420.89082433000914,-4.0748094352578258e-10,-1.9016896738827353e-21,0,2.0922542496747474e-18,36.596909591031164,178.28101390688497,178.28101390688497,-1.6054929752404368e-24,0.004822304185783808,-0.004822304185783808,0,0,1.3996342144451967e-17,408,408,0,-0.00013872111351297548,0.012345679817927821,-9.1637491108160556e-07,4.9364935250318866e-12,1.7601790994371507e-09
1.6086643716610754e-17,2467,345.53741068970425,-4.1208504883683707e-10,-1.9510720229827996e-21,0,2.0913427169108581e-18,35.596015584726722,178.28101390688497,178.28101390688497,3.0009602181396796e-24,0.0088821116323181282,0.0088821116323181282,0,0,1.3995297998739677e-17,409,409,0,-0.00014077734469606851,0.013145563833205717,-1.2401211968458634e-06,4.9754078764531589e-12,1.7651545073136039e-09
1.6084679929664677e-17,2473,304.10572624724057,-4.0977234190883864e-10,-1.9637869460776542e-21,0,2.0894358636928886e-18,34.78810769505499,178.28101390688497,178.28101390688497,6.4523871095920874e-24,0.018916563845017633,0.018916563845017633,0,0,1.399523761358468e-17,410,410,0,-0.00014212383660286665,0.013979476083869168,-1.4139522813140419e-06,4.9925604191587511e-12,1.7701470677327626e-09
1.6082764962065995e-17,2479,302.99086541830428,-4.014514033853285e-10,-1.9149675986835359e-21,0,2.0875246875136345e-18,34.129487612408035,178.28101390688497,178.28101390688497,7.1942306536923082e-24,0.02106226129331679,0.02106226129331679,0,0,1.3995233080321705e-17,411,411,0,-0.00014232071589845855,0.014820173273194541,-1.464467289678972e-06,4.9352815949438679e-12,1.7750823493277064e-09
1.6080913943971929e-17,2485,356.86362833461641,-3.9167331758702405e-10,-1.8510180940661482e-21,0,2.0853246753355967e-18,33.636251610690309,178.28101390688497,178.28101390688497,4.9834524813254338e-24,0.01468902684391105,0.01468902684391105,0,0,1.399558428518385e-17,412,412,0,-0.00014135984336813293,0.015654640719336484,-1.4668525398794584e-06,4.8858750716591982e-12,1.7799682243993656e-09
1.6079097246315349e-17,2491,420.08445772446271,-3.853847420050116e-10,-1.8166976565777966e-21,0,2.0815826493572221e-18,33.411962817470673,178.28101390688497,178.28101390688497,7.9287906833035395e-25,0.0023665495564532337,0.0023665495564532337,0,0,1.3997513804079059e-17,413,413,0,-0.00013959829303814098,0.016481368633697206,-1.4993482897925242e-06,4.9047631290740838e-12,1.7848729875284397e-09
1.6077287000248696e-17,2497,442.40424477191766,-3.8588051737088729e-10,-1.810246066652733e-21,0,2.0751373440380021e-18,32.971442791590675,178.28101390688497,178.28101390688497,-3.6255631944809069e-24,0.01097340338543726,-0.01097340338543726,0,0,1.400215328177389e-17,414,414,0,-0.00013766479532118886,0.017288974964297696,-1.6086576933427022e-06,4.9297198133205983e-12,1.7898027073417602e-09
1.6075460794318998e-17,2503,478.29614026621221,-3.9199560957111593e-10,-1.8262059296990999e-21,0,2.0663872536890615e-18,32.541825530850133,178.28101390688497,178.28101390688497,-6.4830756854043217e-24,0.019826162553085384,-0.019826162553085384,0,0,1.4009080023705622e-17,415,415,0,-0.00013624832986974778,0.01806094199590513,-1.7852142451875443e-06,4.9242308456172154e-12,1.7947269381873775e-09
1.6073594391191646e-17,2509,470.68500978779718,-3.9732381828293832e-10,-1.8664031273514839e-21,0,2.057450886129649e-18,32.723313201201883,178.28101390688497,178.28101390688497,-6.7072195767564488e-24,0.020580574211646989,-0.020580574211646989,0,0,1.4016150212281574e-17,416,416,0,-0.00013579187805492121,0.018790019767049533,-1.9626771648478643e-06,4.9493973239657794e-12,1.7996763355113432e-09
1.6071712260791931e-17,2515,429.78438824277526,-3.9482811051621967e-10,-1.8821303997169018e-21,0,2.0509353714039035e-18,33.037284152001554,178.28101390688497,178.28101390688497,-4.1970241050938629e-24,0.012825759442549196,-0.012825759442549196,0,0,1.4020781086412132e-17,417,417,0,-0.00013634748504547713,0.01946067916482697,-2.0384861187353151e-06,4.9669278958475563e-12,1.8046432634071908e-09
1.6069854892109617e-17,2521,371.95092548864568,-3.8226695417208624e-10,-1.8573686823116442e-21,0,2.0482351497451476e-18,33.486614041393175,178.28101390688497,178.28101390688497,1.1641662650309604e-25,0.00035261395094269849,0.00035261395094269849,0,0,1.4021619625947845e-17,418,418,0,-0.00013756383597397868,0.020058252684357864,-1.916123375322083e-06,5.0056472558783415e-12,1.8096489106630692e-09
1.6068088342345694e-17,2527,325.99227062792914,-3.6632218676639084e-10,-1.7665497639249797e-21,0,2.0483162114454327e-18,34.508864266228507,178.28101390688497,178.28101390688497,4.4266254741740146e-24,0.013285016225137418,0.013285016225137418,0,0,1.4019767704274785e-17,419,419,0,-0.00013883515455672207,0.020554801461873395,-1.5571584521008543e-06,4.9613020496607633e-12,1.81461021271273e-09
1.6066407683897468e-17,2533,292.53740342511043,-3.5749604954061521e-10,-1.680658448225368e-21,0,2.0487173187175561e-18,35.586139180175351,178.28101390688497,178.28101390688497,6.9296561806321918e-24,0.020677501809597584,0.020677501809597584,0,0,1.401768343552373e-17,420,420,0,-0.00013963760073721409,0.020932849681828958,-1.0137025472036294e-06,4.8934786611538531e-12,1.8195036913738838e-09
1.6064748778689797e-17,2539,315.26356529761955,-3.5883507561996309e-10,-1.6589052076720185e-21,0,2.0486148400442377e-18,36.412887458361958,178.28101390688497,178.28101390688497,6.62726535973814e-24,0.019759319810597611,0.019759319810597611,0,0,1.4016127311380198e-17,421,421,0,-0.00013974977848554962,0.021182007893815091,-4.017840151103398e-07,4.8800130092462528e-12,1.82438370438313e-09
1.6063069595882109e-17,2545,316.31753714732594,-3.6394973376994973e-10,-1.6791828076857402e-21,0,2.0494937237979794e-18,37.035043904592051,178.28101390688497,178.28101390688497,3.6525327556526595e-24,0.010927242460240327,0.010927242460240327,0,0,1.4013572219551375e-17,422,422,0,-0.00013927472129645447,0.021288550140220835,1.3344218535508237e-07,4.8802798504495228e-12,1.8292639842335795e-09
1.6061393008330823e-17,2551,298.75666008498712,-3.6268807102100268e-10,-1.6765875512878399e-21,0,2.0535525149750052e-18,37.270259044510368,178.28101390688497,178.28101390688497,-7.1347252594098129e-25,0.0021451073003287387,-0.0021451073003287387,0,0,1.4007841206828344e-17,423,423,0,-0.00013858524424233785,0.021242918533359991,4.7511868253940219e-07,4.8316450312904249e-12,1.83409562926487e-09
1.6059763805371224e-17,2557,267.9574285940692,-3.4925549627832692e-10,-1.6292029595990555e-21,0,2.0617268060437752e-18,37.207119900712065,178.28101390688497,178.28101390688497,-4.7369851928926561e-24,0.014289189162752959,-0.014289189162752959,0,0,1.3998041736312639e-17,424,424,0,-0.00013812846956479363,0.021044517228930557,5.9610786285840122e-07,4.7907135151397626e-12,1.8388863427800098e-09
1.60582245852539e-17,2563,273.90334643469077,-3.2613767736123757e-10,-1.5392201173227099e-21,0,2.0730473863131723e-18,37.061693539296954,178.28101390688497,178.28101390688497,-6.9374163577970947e-24,0.020909708040440868,-0.020909708040440868,0,0,1.3985184136357085e-17,425,425,0,-0.00013824153562980084,0.020696413024895385,5.5607295648444049e-07,4.7880120306660691e-12,1.8436743548106759e-09
1.60568121868507e-17,2569,261.32320885688404,-3.0144407537744432e-10,-1.4123984032026278e-21,0,2.0852563325075624e-18,36.833334921890412,178.28101390688497,178.28101390688497,-6.5052477794368754e-24,0.019495887255779915,-0.019495887255779915,0,0,1.3971562359590917e-17,426,426,0,-0.00013903034381239674,0.020212945501594456,4.7092687366423586e-07,4.7557685113783839e-12,1.8484301233220542e-09
1.6055520659145183e-17,2575,245.61270109220115,-2.8386879184062142e-10,-1.2915277055131213e-21,0,2.0960512900009085e-18,36.531241091489143,178.28101390688497,178.28101390688497,-3.6456139600294381e-24,0.010825531504295128,-0.010825531504295128,0,0,1.3959473014758237e-17,427,427,0,-0.00014031697345075509,0.019620176363986708,4.6155326277154778e-07,4.6853087839152905e-12,1.8531154321059696e-09
1.6054285390694252e-17,2581,259.06129293940955,-2.7854731808614269e-10,-1.2352684509326611e-21,0,2.1041991132025129e-18,36.240290016020992,178.28101390688497,178.28101390688497,6.1877670165217275e-25,0.0018187880798054116,0.0018187880798054116,0,0,1.3950085658715037e-17,428,428,0,-0.00014175572654730019,0.018937473969942949,6.0425427188152753e-07,4.6734513579798344e-12,1.8577888834639493e-09
1.6053044304252101e-17,2587,273.7344171929721,-2.8446242459327738e-10,-1.241086442150774e-21,0,2.1095329113349982e-18,36.005072645133261,178.28101390688497,178.28101390688497,4.7406177258577823e-24,0.01382000041618902,0.01382000041618902,0,0,1.3943506652299376e-17,429,429,0,-0.00014292744763311311,0.018189281615895721,9.1298561306441113e-07,4.6859362817916621e-12,1.8624748197457411e-09
1.6051767891468569e-17,2593,306.51458057709982,-2.9648695586595104e-10,-1.2764127835339757e-21,0,2.1122113843892404e-18,35.680694909320181,178.28101390688497,178.28101390688497,7.1206690392755395e-24,0.020679801987817426,0.020679801987817426,0,0,1.3939549386410287e-17,430,430,0,-0.00014347068868357689,0.017413185231382241,1.3310082688492913e-06,4.6511696626023402e-12,1.8671259894083434e-09
1.6050424422447245e-17,2599,317.88430323508015,-3.1066822673426199e-10,-1.3434690213226935e-21,0,2.1121881517122335e-18,35.144487331479091,178.28101390688497,178.28101390688497,6.8671039838410751e-24,0.019975430977421632,0.019975430977421632,0,0,1.3938229403631025e-17,431,431,0,-0.00014324063044415786,0.016630142545396822,1.7630553157967492e-06,4.6680439872695711e-12,1.871794033395613e-09
1.6048998268027892e-17,2605,345.17246764778582,-3.2556944523481631e-10,-1.4261544193535737e-21,0,2.109448192599579e-18,34.60519484539617,178.28101390688497,178.28101390688497,4.033177965673391e-24,0.011807179090879289,0.011807179090879289,0,0,1.3939546042250347e-17,432,432,0,-0.00014232788425548934,0.015862218786134249,2.0962481867233873e-06,4.7202181282692593e-12,1.876514251523882e-09
1.6047504826464566e-17,2611,338.19801636337701,-3.3942905106505867e-10,-1.4934415633252227e-21,0,2.1049558489952932e-18,34.272776196377805,178.28101390688497,178.28101390688497,-2.6752746664782275e-25,0.00079008985567641308,-0.00079008985567641308,0,0,1.3942549244996738e-17,433,433,0,-0.00014108493732593332,0.015143520709585653,2.2278897913904562e-06,4.7184904247185068e-12,1.8812327419486005e-09
1.6045944059554199e-17,2617,309.48386934749709,-3.510338734965578e-10,-1.5607669103655715e-21,0,2.1006018624735809e-18,34.210170330221914,178.28101390688497,178.28101390688497,-4.4130738888057874e-24,0.013135395698812315,-0.013135395698812315,0,0,1.3945346610154508e-17,434,434,0,-0.00013998670684652094,0.014491357981038606,2.1066739384060322e-06,4.7384994559268397e-12,1.8859712414045274e-09
1.6044318503346571e-17,2623,310.41685764304947,-3.5755994422088015e-10,-1.6255562076304153e-21,0,2.0989601834780823e-18,34.496224583062471,178.28101390688497,178.28101390688497,-6.8829789699077102e-24,0.02056220216758782,-0.02056220216758782,0,0,1.3945365202847459e-17,435,435,0,-0.00013947474500798621,0.013915323363964244,1.732384874658795e-06,4.8044438326566296e-12,1.8907756852371842e-09
1.6042671630000117e-17,2629,325.84691379400346,-3.5680204712065489e-10,-1.6468733464539748e-21,0,2.102053611446259e-18,34.96705742656146,178.28101390688497,178.28101390688497,-6.7025236868874088e-24,0.01997496720178462,-0.01997496720178462,0,0,1.3940624721077544e-17,436,436,0,-0.00013981090304975399,0.013428486974068447,1.1604529008969257e-06,4.8283360522734277e-12,1.8956040212894576e-09
1.6041039818284555e-17,2635,384.58328176973083,-3.4901047462250818e-10,-1.6318117155624407e-21,0,2.1105429992634584e-18,35.515773827985882,178.28101390688497,178.28101390688497,-3.8906592715156307e-24,0.011502102500093779,-0.011502102500093779,0,0,1.3930500709680368e-17,437,437,0,-0.0001409401480977113,0.013028808801615239,4.7592759325379119e-07,4.8488999483369554e-12,1.9004529212377945e-09
1.6039435044192584e-17,2641,386.97100851287939,-3.3553552007667986e-10,-1.6047740919683604e-21,0,2.1243363146053196e-18,36.134379952191175,178.28101390688497,178.28101390688497,5.9988476559665474e-25,0.0017536615639242618,0.0017536615639242618,0,0,1.39150981297025e-17,438,438,0,-0.00014253148429966531,0.012701701072133574,-2.3943473356850213e-07,4.9318239680092993e-12,1.9053847452058036e-09
1.6037886074306338e-17,2647,370.85059787614961,-3.1802443207074351e-10,-1.5489698862463008e-21,0,2.1424107955238286e-18,36.487991256880832,178.28101390688497,178.28101390688497,4.994128514633361e-24,0.014447300068537306,0.014447300068537306,0,0,1.3895470284653996e-17,439,439,0,-0.00014403292457585223,0.012432913280617332,-9.0188709620733788e-07,5.0059682566681482e-12,1.9103907134624719e-09
1.6036433234546463e-17,2653,346.82436070574533,-2.9942574427721045e-10,-1.4528397598764883e-21,0,2.161988538651976e-18,36.646976913815443,178.28101390688497,178.28101390688497,7.3211527919095558e-24,0.021057984909922469,0.021057984909922469,0,0,1.3874437374741693e-17,440,440,0,-0.00014486097995662129,0.012207617861926024,-1.4401716920727692e-06,4.9940835199560494e-12,1.9153847969824281e-09
1.6035063127619708e-17,2659,282.11608512037702,-2.8493935575690311e-10,-1.3701069267547439e-21,0,2.1789128494031766e-18,36.889811292121017,178.28101390688497,178.28101390688497,6.5427448406850955e-24,0.01884030449874741,0.01884030449874741,0,0,1.385614373547169e-17,441,441,0,-0.00014469743224159506,0.012006505513842579,-1.8257384459275817e-06,5.0021300439446807e-12,1.920386927026373e-09
1.6033731554323539e-17,2665,286.40402580898365,-2.7777864691329394e-10,-1.3315732961675075e-21,0,2.1886946475262377e-18,36.961041435258288,178.28101390688497,178.28101390688497,2.9438151570566178e-24,0.0085436438484083211,0.0085436438484083211,0,0,1.3845033962982145e-17,442,442,0,-0.00014356750708911258,0.011815280592523323,-2.053322517276841e-06,5.0662709013087452e-12,1.9254531979276818e-09
1.6032410048746811e-17,2671,358.59688604139853,-2.762448203974824e-10,-1.3215055767296116e-21,0,2.1880147437367756e-18,36.97742376531226,178.28101390688497,178.28101390688497,-1.8900088134366256e-24,0.0055508119626101003,-0.0055508119626101003,0,0,1.3844397195018848e-17,443,443,0,-0.00014187179777844499,0.011631462543603878,-2.1245423614620751e-06,5.110330469756931e-12,1.9305635283974387e-09
1.603108704213172e-17,2677,360.38591746230566,-2.7581475660587597e-10,-1.3230066150901918e-21,0,2.1757955090186198e-18,37.032115755902957,178.28101390688497,178.28101390688497,-5.8062400135306196e-24,0.017250236296622361,-0.017250236296622361,0,0,1.3855297339353114e-17,444,444,0,-0.00014024542219043089,0.011462721434122228,-2.0442557979758659e-06,5.1310823027901655e-12,1.9356946107002287e-09
1.6029777997656355e-17,2683,323.56959952463689,-2.7290520518496935e-10,-1.3090444753652591e-21,0,2.153084957530668e-18,36.747663105330908,178.28101390688497,178.28101390688497,-7.1336257375379765e-24,0.021343520620974766,-0.021343520620974766,0,0,1.3876700173751424e-17,445,445,0,-0.0001392621259674554,0.011326294581159253,-1.8203191502226809e-06,5.1038378543537708e-12,1.9407984485545826e-09
1.6028489229040234e-17,2689,286.17808833148683,-2.6629248121433335e-10,-1.288768616121307e-21,0,2.1220950122514804e-18,36.405600058983573,178.28101390688497,178.28101390688497,-5.3717821270590539e-24,0.016085420128771139,-0.016085420128771139,0,0,1.3906399588570882e-17,446,446,0,-0.00013914728586648592,0.01124310310008584,-1.4656451502324064e-06,5.1211683495103357e-12,1.9459196169040931e-09
1.6027230166552626e-17,2695,278.54649904745611,-2.5771333460022185e-10,-1.259062487605787e-21,0,2.0856608825029863e-18,36.016054840418953,178.28101390688497,178.28101390688497,-1.2150169703207907e-24,0.0036231290295382313,-0.0036231290295382313,0,0,1.3941570499066611e-17,447,447,0,-0.00013972924144842663,0.011239090696049246,-1.0106280470454174e-06,5.1697291104323448e-12,1.9510893460145254e-09
1.6026008039752137e-17,2701,307.82325155130235,-2.5250159762026502e-10,-1.2221268004896749e-21,0,2.0473877732048891e-18,35.144244399812116,178.28101390688497,178.28101390688497,3.532701715631756e-24,0.010476302599435199,0.010476302599435199,0,0,1.3978616733845532e-17,448,448,0,-0.00014050367810672148,0.011339440133881535,-5.2173545654066398e-07,5.17610183912501e-12,1.9562654478536505e-09
1.60248040625266e-17,2707,326.71004902676651,-2.5446726895971015e-10,-1.2039772255371214e-21,0,2.011626603004676e-18,34.288936447260816,178.28101390688497,178.28101390688497,6.7063065424522538e-24,0.019832164530534494,0.019832164530534494,0,0,1.4013170753215382e-17,449,449,0,-0.00014089709614823883,0.011559627514683471,-8.5512164613865031e-08,5.1338799975171163e-12,1.9613993278511676e-09
1.6023574689708465e-17,2713,325.66542743928636,-2.604542990089231e-10,-1.2293728181354176e-21,0,1.9823995432851436e-18,33.684750624056711,178.28101390688497,178.28101390688497,6.8890202523981606e-24,0.020420260515487631,0.020420260515487631,0,0,1.4041168257403069e-17,450,450,0,-0.00014056750661865498,0.011909158829136995,2.2480570401092944e-07,5.1460981771886151e-12,1.9665454260283561e-09
1.6022309365213718e-17,2719,269.34091351056156,-2.6528898112313351e-10,-1.2653244947487028e-21,0,1.9627139149984884e-18,33.114108344016294,178.28101390688497,178.28101390688497,3.9791985695010346e-24,0.011881868533738044,0.011881868533738044,0,0,1.4059591471016661e-17,451,451,0,-0.0001395402919373444,0.01238863735986491,3.4949026455108349e-07,5.1750814102526236e-12,1.9717205074386086e-09
1.6021026256679726e-17,2725,240.78546694944211,-2.6800581295638356e-10,-1.283108533992388e-21,0,1.9534063625768865e-18,33.051526202084233,178.28101390688497,178.28101390688497,-6.5475293983986731e-25,0.0019734820211813088,-0.0019734820211813088,0,0,1.4067620548855777e-17,452,452,0,-0.00013823978227579036,0.012984431596573994,2.6215994431346495e-07,5.1710928167540998e-12,1.9768916002553629e-09
1.6019728265674535e-17,2731,234.18238839142873,-2.7002429000438866e-10,-1.2979910051884261e-21,0,1.9541832766771608e-18,33.565669957724928,178.28101390688497,178.28101390688497,-4.932783302801348e-24,0.014970278972309559,-0.014970278972309559,0,0,1.4065549921780679e-17,453,453,0,-0.00013729379258523386,0.013679907780487421,-1.4740836790463921e-08,5.18356436901475e-12,1.9820751646243778e-09
1.6018414225143075e-17,2737,260.96951443277618,-2.7023844645124195e-10,-1.3140405314619647e-21,0,1.9654848377131523e-18,34.161911011444808,178.28101390688497,178.28101390688497,-6.9986623290092122e-24,0.021244520660168634,-0.021244520660168634,0,0,1.4052936386092249e-17,454,454,0,-0.00013726406683406794,0.014455849107235279,-4.1282460657099062e-07,5.222084896390031e-12,1.9872972495207679e-09
1.6017108489452665e-17,2743,322.40076482345455,-2.6809733544335666e-10,-1.3057356904084561e-21,0,1.986707903733704e-18,34.856980777850175,178.28101390688497,178.28101390688497,-5.9241674529618869e-24,0.01783875459850081,-0.01783875459850081,0,0,1.4030406509886414e-17,455,455,0,-0.00013837306252357549,0.015278359493120409,-8.2097412843602187e-07,5.2133726511724404e-12,1.9925106221719402e-09
1.6015818366127502e-17,2749,351.32573829993663,-2.668782007391396e-10,-1.2901233251631282e-21,0,2.0143333632528887e-18,35.793209368271683,178.28101390688497,178.28101390688497,-2.146938847663926e-24,0.0063734227237000514,-0.0063734227237000514,0,0,1.4001487149813461e-17,456,456,0,-0.00014035752718342468,0.016116307653128777,-1.1201909978157407e-06,5.1933423637183509e-12,1.9977039645356585e-09
1.6014540058178648e-17,2755,364.88741125380898,-2.6942952506322733e-10,-1.2783079488546433e-21,0,2.0429847107463287e-18,36.723947050271143,178.28101390688497,178.28101390688497,2.6714912096222784e-24,0.0078076482430292004,0.0078076482430292004,0,0,1.3971552675941108e-17,457,457,0,-0.00014256806949986144,0.016935215761384684,-1.2171941032430854e-06,5.131619283397016e-12,2.0028355838190555e-09
1.60132552952695e-17,2761,382.64886647616254,-2.7294944087860717e-10,-1.284762909148111e-21,0,2.0687885252656212e-18,37.439382523847001,178.28101390688497,178.28101390688497,6.3993957509715874e-24,0.018480067552460837,0.018480067552460837,0,0,1.3944460370608125e-17,458,458,0,-0.00014428599293097853,0.017714779245457685,-1.0770842477277317e-06,5.0862712880251913e-12,2.0079218551070805e-09
1.6011963134254751e-17,2767,374.23585898005518,-2.7225767736206152e-10,-1.2921610147470279e-21,0,2.089872966252851e-18,37.933509694609356,178.28101390688497,178.28101390688497,7.3554675957942865e-24,0.021139315467958691,0.021139315467958691,0,0,1.3922082812534307e-17,459,459,0,-0.0001449800098569505,0.018442479387728038,-7.2434918912601766e-07,5.0801900647018938e-12,2.0130020451717825e-09
1.6010695919723258e-17,2773,346.30667916655989,-2.6508172093439412e-10,-1.2672145314930223e-21,0,2.1051479282483638e-18,37.839386809669016,178.28101390688497,178.28101390688497,5.0947106156446358e-24,0.014693769222237078,0.014693769222237078,0,0,1.3905542896764281e-17,460,460,0,-0.00014446913230668754,0.019099975555233357,-2.388441819363349e-07,5.0590998779739167e-12,2.0180611450497566e-09
1.6009495094955722e-17,2779,306.66033585602332,-2.5247069769760364e-10,-1.200824767537798e-21,0,2.1141980602516568e-18,36.640076817108366,178.28101390688497,178.28101390688497,7.3130528016010054e-25,0.0021306719769956877,0.0021306719769956877,0,0,1.3895296303398785e-17,461,461,0,-0.00014301147088345762,0.019666961356962141,2.6762169533100556e-07,4.991229829546193e-12,2.0230523748793027e-09
1.6008370127214718e-17,2785,286.5484508520554,-2.3707582825514724e-10,-1.1249677410026148e-21,0,2.1173263934704573e-18,34.613488958377523,178.28101390688497,178.28101390688497,-3.8191035368467945e-24,0.011275351969989031,-0.011275351969989031,0,0,1.38910475528478e-17,462,462,0,-0.00014113024095284131,0.020134759678392337,7.0683248253070822e-07,4.9710495385103798e-12,2.028023424417813e-09
1.6007308783053433e-17,2791,287.1738103274505,-2.2338147814480797e-10,-1.0613441612853752e-21,0,2.1149357191678885e-18,32.605608708304509,178.28101390688497,178.28101390688497,-6.7098226557696799e-24,0.020057240460792988,-0.020057240460792988,0,0,1.3892379773708201e-17,463,463,0,-0.0001393890373588726,0.020493228535138849,1.0356429184247221e-06,5.0275200529758372e-12,2.033050944470789e-09
1.6006295974041231e-17,2797,267.59304442037302,-2.1630586763786306e-10,-1.0128090122015299e-21,0,2.1080249250166667e-18,31.372631765434743,178.28101390688497,178.28101390688497,-6.7370692642563332e-24,0.020305501303766772,-0.020305501303766772,0,0,1.3898277786093831e-17,464,464,0,-0.00013824392471016074,0.020722152205832223,1.2553813493693285e-06,5.0577549057899956e-12,2.0381086993765789e-09
1.6005294310222684e-17,2803,255.12731716368842,-2.1675645285340997e-10,-1.0016638185475833e-21,0,2.0987599609761467e-18,31.480448292458579,178.28101390688497,178.28101390688497,-3.8946338002659802e-24,0.011774361964606586,-0.011774361964606586,0,0,1.3906538243880338e-17,465,465,0,-0.00013782182748607361,0.020805519356168152,1.4097484605501723e-06,5.0861803590055959e-12,2.0431948797355844e-09
1.600426146379272e-17,2809,266.26414436929252,-2.2042162851385831e-10,-1.0328464299648722e-21,0,2.0898617619899394e-18,32.85723126249939,178.28101390688497,178.28101390688497,7.0478815222237554e-25,0.0021295269749508415,0.0021295269749508415,0,0,1.3914398997014629e-17,466,466,0,-0.0001378999813324927,0.020727513457271848,1.5481778831913485e-06,5.1809085713509812e-12,2.0483757883069354e-09
1.6003230068197523e-17,2815,276.24058935662583,-2.2192151947208376e-10,-1.0313955951974493e-21,0,2.0836197936771847e-18,34.511826824422897,178.28101390688497,178.28101390688497,4.9382100126613723e-24,0.014907429367337825,0.014907429367337825,0,0,1.3919605336310324e-17,467,467,0,-0.00013802430013747265,0.020482614107694374,1.6785630969235819e-06,5.0967560321758874e-12,2.0534725443391112e-09
1.6002213432970564e-17,2821,278.028748708546,-2.1922532082068403e-10,-1.0166352269568163e-21,0,2.0802508098991782e-18,35.808448088176846,178.28101390688497,178.28101390688497,7.0010137267147357e-24,0.021172353961707687,0.021172353961707687,0,0,1.3921955622057659e-17,468,468,0,-0.00013777821106113184,0.020074813136756291,1.7627771374629235e-06,5.0384507421472354e-12,2.0585109950812587e-09
1.600121689918708e-17,2827,267.80735326393051,-2.1431302662197565e-10,-9.9653378348378268e-22,0,2.0789062663309594e-18,36.670702629489575,178.28101390688497,178.28101390688497,6.0542919220591898e-24,0.018414975540168035,0.018414975540168035,0,0,1.3922304578564199e-17,469,469,0,-0.00013698750936100569,0.019508095819446836,1.7305789516954975e-06,5.0415137810216585e-12,2.0635525088622803e-09
1.6000246606217482e-17,2833,232.30999188719696,-2.1086371966188435e-10,-9.7029296959952506e-22,0,2.0785938529209253e-18,37.101855817355798,178.28101390688497,178.28101390688497,2.5618861051447114e-24,0.0078603453795885857,0.0078603453795885857,0,0,1.3921650191410451e-17,470,470,0,-0.00013580224433685031,0.01880120545526132,1.5200958604675998e-06,5.020383653245764e-12,2.068572892515526e-09
1.5999293693303697e-17,2839,255.42831940800392,-2.1079662395403714e-10,-9.5291291378531926e-22,0,2.078581726449883e-18,37.341915380476713,178.28101390688497,178.28101390688497,-1.904318478977913e-24,0.0058938663771871931,-0.0058938663771871931,0,0,1.3920713871172293e-17,471,471,0,-0.00013462572480076615,0.017984166127532959,1.1252248793445567e-06,4.9741007632407782e-12,2.0735469932787667e-09
1.5998331716479313e-17,2845,293.17285159781858,-2.1313081058232831e-10,-9.6197682438541149e-22,0,2.0784774036080124e-18,37.636466583915535,178.28101390688497,178.28101390688497,-5.5367321362204739e-24,0.017228805550106193,-0.017228805550106193,0,0,1.3919859849603438e-17,472,472,0,-0.00013390201176259668,0.017078900331930758,5.9983586362760592e-07,4.9918864223321717e-12,2.0785388797010988e-09
1.5997346059209468e-17,2851,314.37952744583964,-2.1600642548085527e-10,-9.8565726984264367e-22,0,2.0780707494017285e-18,37.739289906271786,178.28101390688497,178.28101390688497,-6.8648354072421653e-24,0.021350901202009002,-0.021350901202009002,0,0,1.3919282174643148e-17,473,473,0,-0.00013396849431736394,0.016115057944874667,4.0612757484265484e-08,5.0477364933926518e-12,2.0835866161944916e-09
1.599634480179084e-17,2857,322.94656087671581,-2.1829240099182522e-10,-1.0012574186310187e-21,0,2.0773870623546378e-18,37.498204718570939,178.28101390688497,178.28101390688497,-5.2842447639964107e-24,0.016322156137294742,-0.016322156137294742,0,0,1.3918963023680963e-17,474,474,0,-0.0001348944730797348,0.015142440763960537,-4.4937686489162539e-07,5.0612574660222618e-12,2.0886478736605137e-09
1.5995327242972041e-17,2863,310.98718603140117,-2.1958885521879654e-10,-1.0175588187974007e-21,0,2.0768170724745432e-18,37.224522804009183,178.28101390688497,178.28101390688497,-1.3642181519962282e-24,0.0041664930597238884,-0.0041664930597238884,0,0,1.391851153471565e-17,475,475,0,-0.00013642749954229531,0.014199401198108532,-8.2157834270416972e-07,5.1025561764435298e-12,2.0937504298369571e-09
1.5994284120588282e-17,2869,274.92980156211416,-2.2052508507778025e-10,-1.0431223837590817e-21,0,2.0767187540019337e-18,36.981901286675537,178.28101390688497,178.28101390688497,3.3380432593618437e-24,0.01007256442037513,0.01007256442037513,0,0,1.3917562028543087e-17,476,476,0,-0.00013808314347968126,0.013317746230410387,-1.0912253521652202e-06,5.208786917156284e-12,2.0989592167541133e-09
1.5993239666957379e-17,2875,299.3517054599356,-2.2236238479783468e-10,-1.0444536309025567e-21,0,2.0770162451414946e-18,36.744327534209908,178.28101390688497,178.28101390688497,6.5867487208072876e-24,0.01970969026388501,0.01970969026388501,0,0,1.3916216835067165e-17,477,477,0,-0.00013924514271535291,0.012557182207511241,-1.3093907635809835e-06,5.1825266827939541e-12,2.1041417434369074e-09
1.5992184691390992e-17,2881,307.76752121771079,-2.2433654434577847e-10,-1.0549755663873794e-21,0,2.0777579320003709e-18,36.698994371906103,178.28101390688497,178.28101390688497,6.8603798028598795e-24,0.020485091347196668,0.020485091347196668,0,0,1.3914419899010819e-17,478,478,0,-0.00013954009460232842,0.011938390876346551,-1.5330696036301742e-06,5.1811684002203872e-12,2.1093229118371279e-09
1.5991134030316593e-17,2887,281.41745328840625,-2.2313194193615115e-10,-1.050661074399626e-21,0,2.0794702086694216e-18,36.844488578701565,178.28101390688497,178.28101390688497,4.0483250533010657e-24,0.012140139105483684,0.012140139105483684,0,0,1.3911659773322117e-17,479,479,0,-0.00013894421562115662,0.011476820842364831,-1.7711516436469175e-06,5.1439399976682465e-12,2.1144668518347961e-09
1.5990115709156038e-17,2893,248.97805067367057,-2.1765952233797638e-10,-1.0183211605530482e-21,0,2.0818800591673349e-18,37.005628410348564,178.28101390688497,178.28101390688497,-4.576324499582505e-25,0.0013836921941587153,-0.0013836921941587153,0,0,1.3908236107621155e-17,480,480,0,-0.00013780535027050725,0.011170943649813747,-1.9807290941373869e-06,5.0719981105254806e-12,2.1195388499453217e-09
1.5989136443415401e-17,2899,268.66794226164001,-2.1158812362102301e-10,-9.7926574063878731e-22,0,2.0832023759158298e-18,36.678691356425318,178.28101390688497,178.28101390688497,-4.6649685618748071e-24,0.014223947003167068,-0.014223947003167068,0,0,1.3905938732468132e-17,481,481,0,-0.00013665242849601744,0.011003881223488844,-2.0930564488137559e-06,5.0306996011357022e-12,2.1245695495464574e-09
1.5988176463535154e-17,2905,273.24883131471125,-2.0838958846738223e-10,-9.5997988024656752e-22,0,2.0817242438955674e-18,35.497780089843801,178.28101390688497,178.28101390688497,-6.8653529189509101e-24,0.021036397543298221,-0.021036397543298221,0,0,1.3906459084992505e-17,482,482,0,-0.000135981634229136,0.010955914987251219,-2.03935361180868e-06,5.0562383792252747e-12,2.1296257879256828e-09
1.5987224382564307e-17,2911,288.5551385709897,-2.071397580584651e-10,-9.5208097084710478e-22,0,2.0774768136780002e-18,34.064764439504962,178.28101390688497,178.28101390688497,-6.1424042876847338e-24,0.018806830186423953,-0.018806830186423953,0,0,1.3909753711290594e-17,483,483,0,-0.00013608540591361623,0.011009205050685854,-1.7727936764817666e-06,5.0719677059302777e-12,2.1346977556316129e-09
1.5986283716069249e-17,2917,273.87159875479767,-2.0461052595131537e-10,-9.4066649505624724e-22,0,2.07203428986632e-18,32.938043822047995,178.28101390688497,178.28101390688497,-2.7919421740009893e-24,0.0084984781871868965,-0.0084984781871868965,0,0,1.3914252218145104e-17,484,484,0,-0.0001368844178386281,0.011145804970319841,-1.2934560989249743e-06,5.0586300196835242e-12,2.1397563856512964e-09
1.5985357886415391e-17,2923,230.21142530209434,-1.9903470424103905e-10,-9.25829653858325e-22,0,2.067127412854166e-18,32.266230914662074,178.28101390688497,178.28101390688497,1.8358180431294596e-24,0.0055441113774511762,0.0055441113774511762,0,0,1.3918228637743181e-17,485,485,0,-0.00013797056598623282,0.011353819847800869,-6.464509985448119e-07,5.090395447566803e-12,2.1448467810988633e-09
1.598446782830513e-17,2929,207.32324073713482,-1.9045984077961413e-10,-8.9005811026190226e-22,0,2.064054866198066e-18,32.637006780865022,178.28101390688497,178.28101390688497,5.7223329662901316e-24,0.017181710043174356,0.017181710043174356,0,0,1.3920407239774096e-17,486,486,0,-0.00013876997089519165,0.011623995431473081,7.0764235439184323e-08,5.0924830867710934e-12,2.1499392641856345e-09
1.5983632960620815e-17,2935,242.71611732757458,-1.7959559512896666e-10,-8.3486768431439219e-22,0,2.0632411036316856e-18,33.745715549259224,178.28101390688497,178.28101390688497,7.1144085456381452e-24,0.021351970033104038,0.021351970033104038,0,0,1.3920384742580584e-17,487,487,0,-0.00013883200891633517,0.011949133683106255,7.3451222407922924e-07,5.064309039619915e-12,2.1550035732252546e-09
1.5982860384364639e-17,2941,272.97468200480404,-1.6935348174555226e-10,-7.7257625617635211e-22,0,2.0640009721511719e-18,34.673861686112176,178.28101390688497,178.28101390688497,5.4402890660265717e-24,0.016418421343651853,0.016418421343651853,0,0,1.3918853971924402e-17,488,488,0,-0.00013806364591325011,0.012323711441044136,1.2296774024949809e-06,5.0197158155011578e-12,2.160023289040756e-09
1.5982125346715078e-17,2947,287.12281681429971,-1.6457334289639e-10,-7.3503764956055068e-22,0,2.0651252664116162e-18,35.374965966259715,178.28101390688497,178.28101390688497,1.4786552126206941e-24,0.0045052628583413905,0.0045052628583413905,0,0,1.3916998601648249e-17,489,489,0,-0.00013675258424740284,0.012749145526049225,1.4826770440915303e-06,5.0329720382355716e-12,2.1650562610789916e-09
1.5981388620608565e-17,2953,250.88851340821037,-1.6739030692822684e-10,-7.3672610651227086e-22,0,2.066080726662347e-18,35.82020745248149,178.28101390688497,178.28101390688497,-3.0721211078450162e-24,0.009449624493155737,-0.009449624493155737,0,0,1.3915310966067328e-17,490,490,0,-0.00013546045798214462,0.013227756165967584,1.4664990583251773e-06,5.0830575406546752e-12,2.1701393186196465e-09
1.5980623479166753e-17,2959,236.57538840063944,-1.7438081679375761e-10,-7.6514144181534614e-22,0,2.0674828394230165e-18,35.997210279356842,178.28101390688497,178.28101390688497,-6.2543961988791897e-24,0.019328906159964649,-0.019328906159964649,0,0,1.3913146894139933e-17,491,491,0,-0.00013482389508401665,0.013755799123209712,1.2209173084675483e-06,5.0981431128459676e-12,2.1752374617324925e-09
1.597982008090887e-17,2965,235.58885805653972,-1.8092524338904839e-10,-8.0339825788266262e-22,0,2.0700022803787475e-18,36.28479419395245,178.28101390688497,178.28101390688497,-6.7430397799733305e-24,0.020775220530687283,-0.020775220530687283,0,0,1.3909824543569901e-17,492,492,0,-0.00013523803052643935,0.014331694790276361,8.5586183769685399e-07,5.1156537563040509e-12,2.1803531154887965e-09
1.597899946732846e-17,2971,233.22484787684877,-1.8564724168238598e-10,-8.2061358041066706e-22,0,2.0731119047977338e-18,36.448731538069367,178.28101390688497,178.28101390688497,-4.3534445771520958e-24,0.01327511169301405,-0.01327511169301405,0,0,1.3905891915975304e-17,493,493,0,-0.00013664180629341242,0.014939463865539829,5.2492658699987256e-07,5.0411576793053278e-12,2.185394273168102e-09
1.5978160810685942e-17,2977,234.13568078369795,-1.8945532932970362e-10,-8.3865664251581072e-22,0,2.0755691196832711e-18,36.271178680428108,178.28101390688497,178.28101390688497,-5.4353549803797708e-26,0.00016341181202551405,-0.00016341181202551405,0,0,1.390259174535622e-17,494,494,0,-0.0001385904246304805,0.015576102595682498,3.4725818794702719e-07,5.0239437797760337e-12,2.190418216947878e-09
1.5977304908407777e-17,2983,244.71925150899958,-1.9297319098296369e-10,-8.5590227816510325e-22,0,2.0759478014016967e-18,36.075357248749846,178.28101390688497,178.28101390688497,4.3848810434303313e-24,0.0130088855513393,0.0130088855513393,0,0,1.3901352722125036e-17,495,495,0,-0.00014044506432822596,0.016229638198929346,3.74499113455319e-07,5.0200881634481336e-12,2.1954383051113259e-09
1.5976439042608237e-17,2989,254.57640851971476,-1.9634415216217813e-10,-8.6586579953938428e-22,0,2.0729769913524514e-18,35.830544607910824,178.28101390688497,178.28101390688497,7.0175625013423007e-24,0.020646958436440033,0.020646958436440033,0,0,1.3903455033693284e-17,496,496,0,-0.00014161816543391286,0.016876799494819995,5.6211243399275192e-07,4.9751039448494496e-12,2.2004134090561753e-09
1.5975560351536456e-17,2995,239.28800871482505,-1.992634307433809e-10,-8.7869107177986849e-22,0,2.0659615907546041e-18,35.531800451673362,178.28101390688497,178.28101390688497,6.7137980957305927e-24,0.019721626592329074,0.019721626592329074,0,0,1.3909592046983757e-17,497,497,0,-0.0001418450886961228,0.017500213383364254,7.891597684932337e-07,4.957659488460951e-12,2.2053710685446363e-09
1.5974667079317934e-17,3001,232.91164157634205,-2.0076286440044138e-10,-8.9327221852384903e-22,0,2.0550561945791762e-18,35.459413683788156,178.28101390688497,178.28101390688497,3.5940910613225563e-24,0.010603672853155985,0.010603672853155985,0,0,1.3919607290647695e-17,498,498,0,-0.00014122822940283144,0.018081085900674903,9.1026117678017428e-07,4.9782002943709876e-12,2.2103492688390071e-09
1.5973773549741477e-17,3007,212.96206502189699,-1.9939632651658418e-10,-8.9352957645772948e-22,0,2.0415884679264928e-18,35.519516676996638,178.28101390688497,178.28101390688497,-9.8202675769954011e-25,0.0029186446416710077,-0.0029186446416710077,0,0,1.3932186063841741e-17,499,499,0,-0.00014019446213706086,0.018591539087883285,8.09239590911202e-07,4.9751300303947799e-12,2.215324398869402e-09
1.5972900536899335e-17,3013,216.97506079403385,-1.9418186898047456e-10,-8.7301284213931231e-22,0,2.0275445388373157e-18,35.591275634685339,178.28101390688497,178.28101390688497,-5.0764824011740131e-24,0.015182731036896246,-0.015182731036896246,0,0,1.3945361074544421e-17,500,500,0,-0.00013931623996697989,0.019005924675487559,4.5165569181427299e-07,4.9523917745921045e-12,2.2202767906439941e-09
1.5972056604071127e-17,3019,205.71030144439524,-1.8612154642336582e-10,-8.4393282821148168e-22,0,2.0144028847912088e-18,35.601987536621273,178.28101390688497,178.28101390688497,-7.0763767837185043e-24,0.021202751464980327,-0.021202751464980327,0,0,1.39576607956567e-17,501,501,0,-0.00013906168411299277,0.019307280650690175,-1.0934475791232823e-07,4.9853080205080332e-12,2.2252620986645021e-09
1.5971247124057899e-17,3025,219.35176823963656,-1.7738615662693745e-10,-8.0948001322543808e-22,0,2.0033393347660857e-18,35.27289265586468,178.28101390688497,178.28101390688497,-6.1310325334261167e-24,0.018293137479254221,-0.018293137479254221,0,0,1.3967913920324346e-17,502,502,0,-0.00013964782650456142,0.019477987783901734,-7.4791037107635928e-07,5.041550800150049e-12,2.230303649464652e-09
1.5970481050753525e-17,3031,196.90580585332631,-1.6863026329942387e-10,-7.6607330437515953e-22,0,1.9958107568217328e-18,34.737374414745325,178.28101390688497,178.28101390688497,-2.5580763814215969e-24,0.0075634896758720368,-0.0075634896758720368,0,0,1.3974672852008174e-17,503,503,0,-0.00014092240547717238,0.019506207594056107,-1.3012795813535482e-06,5.0488407349328722e-12,2.2353524901995849e-09
1.596976360154609e-17,3037,222.60508789211872,-1.5955392114947913e-10,-7.1744920743278995e-22,0,1.9930483106495774e-18,34.29987373233547,178.28101390688497,178.28101390688497,2.1682734281357456e-24,0.006343601902546926,0.006343601902546926,0,0,1.3976713122623086e-17,504,504,0,-0.00014241865671941391,0.019394483327258415,-1.6484368416348814e-06,5.0277016895483652e-12,2.2403801918891332e-09
1.5969087849304085e-17,3043,241.34992968335044,-1.5176438442319796e-10,-6.7575224200745831e-22,0,1.9954020389005196e-18,33.938534084480736,178.28101390688497,178.28101390688497,6.0612641811081989e-24,0.017589360922408554,0.017589360922408554,0,0,1.3973679749139384e-17,505,505,0,-0.00014358263232354385,0.019153522508866018,-1.7583155338117499e-06,5.0461123585937978e-12,2.245426304247727e-09
1.5968437662124199e-17,3049,241.22399817777088,-1.4824591516683841e-10,-6.5018717988598657e-22,0,2.0025346700190105e-18,33.887794282934664,178.28101390688497,178.28101390688497,7.3648296098182197e-24,0.021315369611672259,0.021315369611672259,0,0,1.3965895627275578e-17,506,506,0,-0.000143965554433257,0.018800044627482027,-1.6852388009819258e-06,5.0789764701689637e-12,2.250505280717896e-09
1.5967795084973021e-17,3055,227.2450262024791,-1.4944119211273732e-10,-6.4257715117651251e-22,0,2.013866082615508e-18,34.302740744855775,178.28101390688497,178.28101390688497,5.4553171862514882e-24,0.01584900857183481,0.01584900857183481,0,0,1.3953923547040328e-17,507,507,0,-0.000143418991623555,0.018361467496319117,-1.5434528286927661e-06,5.0643993404706569e-12,2.2555696800583668e-09
1.5967143225687519e-17,3061,229.97301644036634,-1.5252788422966236e-10,-6.5185928550312755e-22,0,2.0287909836980797e-18,34.825182634036018,178.28101390688497,178.28101390688497,1.2330222472495853e-24,0.0036136156570855753,0.0036136156570855753,0,0,1.3938351008967192e-17,508,508,0,-0.00014217319118595373,0.017865827570015633,-1.4487526492504457e-06,5.0468999810387063e-12,2.2606165800394057e-09
1.5966473891001347e-17,3067,216.98911069949375,-1.5470872481375923e-10,-6.6933468617096278e-22,0,2.0464628668582691e-18,35.292296609035681,178.28101390688497,178.28101390688497,-3.4561472346603404e-24,0.010234106975087162,-0.010234106975087162,0,0,1.3920014480290313e-17,509,509,0,-0.00014071196942538953,0.017335314862183971,-1.4655698148089315e-06,5.0744408071846489e-12,2.2656910208465903e-09
1.5965794086698068e-17,3073,210.49781355594715,-1.5495470162927603e-10,-6.7980430328130865e-22,0,2.0654710832593911e-18,35.616382156282739,178.28101390688497,178.28101390688497,-6.6006910611213357e-24,0.019700270262617114,-0.019700270262617114,0,0,1.3900329604129738e-17,510,510,0,-0.00013960660973025797,0.016793272144085356,-1.5819668087295805e-06,5.1087370108910495e-12,2.2707997578574813e-09
1.5965117979785133e-17,3079,200.92391910539828,-1.540201834278331e-10,-6.7610691293311909e-22,0,2.0839421145385348e-18,35.623129661145853,178.28101390688497,178.28101390688497,-6.8695735424719408e-24,0.020551149083161135,-0.020551149083161135,0,0,1.3881182734820142e-17,511,511,0,-0.00013927796921627908,0.016264272716100089,-1.7114286131423599e-06,5.1056337600413253e-12,2.2759053916175225e-09
1.5964456945966553e-17,3085,174.00204822072862,-1.5378442722140669e-10,-6.6103381857870219e-22,0,2.0999513994924772e-18,35.628149942305754,178.28101390688497,178.28101390688497,-4.2333569616870133e-24,0.012619575842405445,-0.012619575842405445,0,0,1.3864509779831039e-17,512,512,0,-0.00013977480353252031,0.015771816599420199,-1.7355080748906524e-06,5.019405559775279e-12,2.2809247971772978e-09
1.5963797635118507e-17,3091,184.98700048838165,-1.5590539822458908e-10,-6.5931084804826256e-22,0,2.1125779029161928e-18,35.95514950881924,178.28101390688497,178.28101390688497,1.6873991681648481e-25,0.00049940528052791835,0.00049940528052791835,0,0,1.3851219563462397e-17,513,513,0,-0.00014078405138046791,0.015321163377554703,-1.5644577559051959e-06,4.9666767166293516e-12,2.2858914738939271e-09
1.5963122221723236e-17,3097,182.65969326775982,-1.6017969983179871e-10,-6.7541339527006204e-22,0,2.12172131017413e-18,36.464754673602378,178.28101390688497,178.28101390688497,4.5615917050005671e-24,0.013402184231778871,0.013402184231778871,0,0,1.38413963499574e-17,514,514,0,-0.00014181742151483893,0.01491204871790041,-1.1654311626540827e-06,4.962443135840587e-12,2.2908539170297676e-09
1.5962430330843255e-17,3103,191.04718762974539,-1.6355839522206678e-10,-6.9189087998274122e-22,0,2.1279042621514596e-18,37.115614417246704,178.28101390688497,178.28101390688497,7.0889896126476057e-24,0.020743669624429643,0.020743669624429643,0,0,1.3834518979702182e-17,515,515,0,-0.00014239262991629231,0.014546773783566403,-5.8036200150219884e-07,4.9360089571939456e-12,2.2957899259869617e-09
1.596173710890393e-17,3109,217.6070430053424,-1.63289468217542e-10,-6.9322193932470223e-22,0,2.1316109752733455e-18,37.845702897248316,178.28101390688497,178.28101390688497,6.7100390121152296e-24,0.019653509417714682,0.019653509417714682,0,0,1.3830119423591571e-17,516,516,0,-0.00014225701522095751,0.014224909978011235,8.9485394436317931e-08,4.8814935172917491e-12,2.3006714195042535e-09
1.596105368950552e-17,3115,236.30781059159392,-1.6026917125273821e-10,-6.8341939840922109e-22,0,2.132465139085416e-18,38.195899367586875,178.28101390688497,178.28101390688497,3.6360678871952425e-24,0.010708286039955696,0.010708286039955696,0,0,1.3828584914352216e-17,517,517,0,-0.0001414818656018749,0.01394050855135332,7.3227958975082709e-07,4.8731237548497384e-12,2.305544543259103e-09
1.5960383336551316e-17,3121,224.37179660137244,-1.5758932448010291e-10,-6.7035295420450684e-22,0,2.1295088878711942e-18,37.913358760461975,178.28101390688497,178.28101390688497,-8.6715738527290754e-25,0.0025730169446704252,-0.0025730169446704252,0,0,1.3830875315837506e-17,518,518,0,-0.00014042487281139008,0.013690547627276076,1.2464069702162305e-06,4.8943068476015601e-12,2.3104388501067044e-09
1.5959724655246927e-17,3127,218.20553866451093,-1.5714675651403682e-10,-6.5868130438891606e-22,0,2.1224384603175324e-18,37.276675777947716,178.28101390688497,178.28101390688497,-4.9464768739685065e-24,0.014760990771559649,-0.014760990771559649,0,0,1.3837291141406267e-17,519,519,0,-0.00013962694393062342,0.013477638979250663,1.5628307659925456e-06,4.866259761200642e-12,2.3153051098679049e-09
1.5959066541815925e-17,3133,213.64790060014903,-1.5825099821726358e-10,-6.5811343100230611e-22,0,2.1121042892804332e-18,36.497593294495353,178.28101390688497,178.28101390688497,-7.0532566298630405e-24,0.021057587493908587,-0.021057587493908587,0,0,1.384696930579212e-17,520,520,0,-0.00013956285020583309,0.013302911806254909,1.6730132548025814e-06,4.8407545850775896e-12,2.3201458644529823e-09
1.59583988765914e-17,3139,209.11246092501773,-1.5902772931407784e-10,-6.6766522452409309e-22,0,2.0999001633373651e-18,35.643193887065429,178.28101390688497,178.28101390688497,-6.4070090546392461e-24,0.019004153261173936,-0.019004153261173936,0,0,1.385850512026309e-17,521,521,0,-0.00014047387796821694,0.013166908898361909,1.6089423331133943e-06,4.8777159490451783e-12,2.3250235804020277e-09
1.5957729872634743e-17,3145,228.78895070338623,-1.5779137463519296e-10,-6.6900395665714494e-22,0,2.0873202285739776e-18,35.00365682907497,178.28101390688497,178.28101390688497,-3.1710659779694299e-24,0.0092875405350878772,-0.0092875405350878772,0,0,1.3870412815126743e-17,522,522,0,-0.00014226344270893372,0.013072903717935683,1.4227791214463331e-06,4.9010840839957971e-12,2.3299246644860236e-09
1.5957076430695401e-17,3151,250.87197730496496,-1.5398323002812084e-10,-6.5344193934188877e-22,0,2.0753040713931599e-18,34.668227185381966,178.28101390688497,178.28101390688497,1.4269474266615811e-24,0.0041151714031166433,0.0041151714031166433,0,0,1.3881770932354814e-17,523,523,0,-0.0001444803556238922,0.013022225111070875,1.1718507043503306e-06,4.8777750769309233e-12,2.3348024395629545e-09
1.5956444635689542e-17,3157,257.11009922736235,-1.4843071325855222e-10,-6.317950058596469e-22,0,2.0638989505938129e-18,34.356083579300119,178.28101390688497,178.28101390688497,5.592093358849824e-24,0.015899796431732911,0.015899796431732911,0,0,1.3892540093002369e-17,524,524,0,-0.00014654520323736903,0.013012733304187698,8.9238099423925632e-07,4.8929002103863043e-12,2.339695339773341e-09
1.5955836695128468e-17,3163,249.34420380279818,-1.4243416339397969e-10,-6.0794056107117156e-22,0,2.0530060469171575e-18,34.062242657840194,178.28101390688497,178.28101390688497,7.5611453588064593e-24,0.021296605041986206,0.021296605041986206,0,0,1.3902823087065955e-17,525,525,0,-0.00014793330799089434,0.013041946740187733,5.9737884666175509e-07,4.9458443160580943e-12,2.3446411840893991e-09
1.5955257426288333e-17,3169,229.64648453381648,-1.3688541255744156e-10,-5.7926884013710008e-22,0,2.0430426258509949e-18,34.008417409083883,178.28101390688497,178.28101390688497,6.3832587722166684e-24,0.017927923956091437,0.017927923956091437,0,0,1.3912208417178565e-17,526,526,0,-0.00014835466513601754,0.013106363207980202,2.9004848594713317e-07,4.9544631935503727e-12,2.3495956472829496e-09
1.5954704192478001e-17,3175,199.81799672327122,-1.3213118688233848e-10,-5.532338103321291e-22,0,2.0346764372827203e-18,34.167028914829991,178.28101390688497,178.28101390688497,2.5471196057437166e-24,0.0071749054763160843,0.0071749054763160843,0,0,1.3920025208075673e-17,527,527,0,-0.00014791830209187853,0.013202128985757951,-3.1765961664211016e-08,4.9513367193092534e-12,2.3545469840022589e-09
1.5954167835101919e-17,3181,175.73520747764644,-1.2814858725578049e-10,-5.3635737608030072e-22,0,2.0284165702630589e-18,34.499197710890193,178.28101390688497,178.28101390688497,-2.3595596212756813e-24,0.0066858498814157535,-0.0066858498814157535,0,0,1.3925753624398481e-17,528,528,0,-0.00014704934445665217,0.013327838525957795,-3.6847447343830105e-07,5.0083197096437943e-12,2.3595553037119025e-09
1.5953643262698539e-17,3187,157.11388127188471,-1.2511735417395904e-10,-5.245724033795762e-22,0,2.0243817396681106e-18,35.028287803332951,178.28101390688497,178.28101390688497,-6.2676741240074804e-24,0.017846284583274381,-0.017846284583274381,0,0,1.3929267790704554e-17,529,529,0,-0.00014633471033235392,0.013482866257722019,-7.0163040170676063e-07,5.0817889719356768e-12,2.3646370926838382e-09
1.595313040985516e-17,3193,163.57397856549929,-1.240270667283077e-10,-5.1285284338137062e-22,0,2.0220334258053846e-18,35.577426982029834,178.28101390688497,178.28101390688497,-7.4714092643417051e-24,0.021280375839969775,-0.021280375839969775,0,0,1.393110445545904e-17,530,530,0,-0.00014628910771538503,0.013664216490659385,-9.8711167278237641e-07,5.0766159306089832e-12,2.3697137086144471e-09
1.5952619662607216e-17,3199,181.44486581961502,-1.2554021576691155e-10,-5.1074724794396343e-22,0,2.0204503538267279e-18,35.95920424058729,178.28101390688497,178.28101390688497,-5.4979219932908922e-24,0.015575793181847408,-0.015575793181847408,0,0,1.3932174806702481e-17,531,531,0,-0.00014707442528246592,0.013870521070878628,-1.1770394997099357e-06,5.0466618156706136e-12,2.3747603704301178e-09
1.595209493436718e-17,3205,198.32307954482286,-1.2898065396763659e-10,-5.2472824003500504e-22,0,2.0189539278050307e-18,36.124130106652295,178.28101390688497,178.28101390688497,-1.1270730080307074e-24,0.0031631784745533077,-0.0031631784745533077,0,0,1.3933142133635157e-17,532,532,0,-0.00014846261667617906,0.01410403456803073,-1.2376493446986523e-06,5.0656806288617115e-12,2.3798260510589794e-09
1.5951550014241078e-17,3211,201.93068443961056,-1.328317050044221e-10,-5.4492012610296215e-22,0,2.0172840991769378e-18,36.070481128560878,178.28101390688497,178.28101390688497,3.8299388817175916e-24,0.010643862020560108,0.010643862020560108,0,0,1.3934262085125258e-17,533,533,0,-0.00014992752295171533,0.014365009249152051,-1.1652785265863782e-06,5.07920932204023e-12,2.3849052603810198e-09
1.5950990438020105e-17,3217,200.48115375956974,-1.3565864368860346e-10,-5.5957622097219916e-22,0,2.0154724640558426e-18,35.732833459679632,178.28101390688497,178.28101390688497,7.1769494920234837e-24,0.019819871143916416,0.019819871143916416,0,0,1.3935510797014771e-17,534,534,0,-0.00015087866111555137,0.014651130015595558,-1.0062492532802087e-06,5.0537856072683649e-12,2.3899590459882882e-09
1.5950422343070064e-17,3223,226.30059635606872,-1.3657556370926391e-10,-5.6809495004255817e-22,0,2.0137883332246221e-18,35.039199292462293,178.28101390688497,178.28101390688497,7.4297023155772664e-24,0.020506463130718466,0.020506463130718466,0,0,1.3936626580143125e-17,535,535,0,-0.00015096261497766402,0.014962685147235637,-8.4678211765943317e-07,5.0512650441028522e-12,2.3950103110323912e-09
1.5949852302212937e-17,3229,245.23383503303739,-1.358462082143407e-10,-5.7004085712512332e-22,0,2.0127118732088311e-18,34.256877812616935,178.28101390688497,178.28101390688497,4.4555435009923027e-24,0.012360519475610425,0.012360519475610425,0,0,1.3937135973460606e-17,536,536,0,-0.00015019404826879812,0.015299680156225168,-7.8408393491273422e-07,5.075391582941286e-12,2.4000857026153325e-09
1.5949289347863999e-17,3235,262.63822142488175,-1.3491920765237173e-10,-5.6295434893909741e-22,0,2.0127501409265382e-18,33.807231274752596,178.28101390688497,178.28101390688497,-3.8282537365823398e-25,0.0010707387396108269,-0.0010707387396108269,0,0,1.3936539589762835e-17,537,537,0,-0.00014897244907340036,0.015655564909178778,-8.8575234346412797e-07,5.056223125358476e-12,2.405141925740691e-09
1.594873307231315e-17,3241,263.55432868886453,-1.3526393302700786e-10,-5.5627555084718253e-22,0,2.0143086732517816e-18,33.841515906727352,178.28101390688497,178.28101390688497,-4.9510409557520796e-24,0.013948300331895942,-0.013948300331895942,0,0,1.3934429350102326e-17,538,538,0,-0.00014789857419728302,0.016021828546779797,-1.1511067705142674e-06,5.0118320487753107e-12,2.4101537577894663e-09
1.594817216296216e-17,3247,265.40948246647849,-1.3696925116041248e-10,-5.6090935099214806e-22,0,2.017842355684633e-18,34.405515070319254,178.28101390688497,178.28101390688497,-7.4141528750649393e-24,0.020945134666439203,-0.020945134666439203,0,0,1.3930337221430402e-17,539,539,0,-0.00014749154941267955,0.016392290410453064,-1.5128012777855263e-06,5.0117507099604517e-12,2.4151655084994266e-09
1.5947600206708877e-17,3253,264.34367622407143,-1.3883676453933102e-10,-5.7195625328156793e-22,0,2.0236534686202416e-18,35.266533186338364,178.28101390688497,178.28101390688497,-6.780036894868329e-24,0.019086357776678973,-0.019086357776678973,0,0,1.3923953518125532e-17,540,540,0,-0.00014801228217116558,0.016756710637489621,-1.8555709608789737e-06,5.0317855060350711e-12,2.4201972940054617e-09
1.5947023800555965e-17,3259,250.21033687200892,-1.3963338127176507e-10,-5.7640615291271723e-22,0,2.0314262863160031e-18,36.023035797279256,178.28101390688497,178.28101390688497,-3.2900664460049915e-24,0.0091796285207480129,-0.0091796285207480129,0,0,1.3915600804306407e-17,541,541,0,-0.00014933730881049298,0.017098877707818826,-2.0533635332300477e-06,5.0079197986157304e-12,2.4252052138040776e-09
1.594645111964807e-17,3265,226.70493689018667,-1.3879184463091159e-10,-5.7268090789415027e-22,0,2.0402736106845575e-18,36.605299979936923,178.28101390688497,178.28101390688497,1.6309365438902195e-24,0.0044997739687482972,0.0044997739687482972,0,0,1.3906175878026968e-17,542,542,0,-0.00015102022857307456,0.017405719152784417,-2.0263006633060181e-06,4.9746283365230294e-12,2.4301798421406008e-09
1.5945886559775715e-17,3271,195.11575213318446,-1.3608005247348774e-10,-5.6455987235671362e-22,0,2.0490127868382701e-18,36.890971009705581,178.28101390688497,178.28101390688497,5.9793298932764499e-24,0.016335459939688223,0.016335459939688223,0,0,1.389686779360755e-17,543,543,0,-0.00015251406845785987,0.017668930215909623,-1.7641315613005904e-06,4.9891277651692509e-12,2.4351689699057702e-09
1.5945338758004248e-17,3277,166.94301482383483,-1.3138961594542338e-10,-5.4780177146609944e-22,0,2.0563967651939245e-18,36.771012128439921,178.28101390688497,178.28101390688497,7.8567938597948838e-24,0.021346813660537735,0.021346813660537735,0,0,1.3888934136016462e-17,544,544,0,-0.0001533561008358126,0.017879110388608725,-1.3275692662415379e-06,5.0137288770201403e-12,2.4401826987827903e-09
1.5944820198747226e-17,3283,162.59718634054158,-1.2555139651024297e-10,-5.1855925702301055e-22,0,2.0615047896722661e-18,36.507772156395802,178.28101390688497,178.28101390688497,6.4013674123423135e-24,0.0173910703182018,0.0173910703182018,0,0,1.3883309007707548e-17,545,545,0,-0.0001533681580837754,0.018027323305049203,-8.307195926105518e-07,4.9897116494285284e-12,2.4451724104322188e-09
1.5944332515643355e-17,3289,158.49589222392308,-1.2010215833267604e-10,-4.87683103870853e-22,0,2.0641095973608416e-18,36.176195903553946,178.28101390688497,178.28101390688497,2.2800828498067444e-24,0.0062197698788022966,0.0062197698788022966,0,0,1.3880220638199662e-17,546,546,0,-0.00015274432000940357,0.018110215272777733,-3.8175300850757289e-07,4.9695516474165563e-12,2.4501419620796355e-09
1.5943867842752101e-17,3295,162.78343639932382,-1.157887312025374e-10,-4.6467289125287372e-22,0,2.0647446276673705e-18,35.780924949629984,178.28101390688497,178.28101390688497,-2.7742096264357614e-24,0.0076083938417394982,-0.0076083938417394982,0,0,1.3879125989294358e-17,547,547,0,-0.00015192702976810126,0.018126603656721675,-4.2051404272297078e-08,4.9987792709405055e-12,2.4551407413505761e-09
1.5943421633464088e-17,3301,187.6487482060451,-1.1217205623233655e-10,-4.4620928801190564e-22,0,2.0644687010074098e-18,35.459599185668026,178.28101390688497,178.28101390688497,-6.6402072149956759e-24,0.018270092241935047,-0.018270092241935047,0,0,1.3878959572663894e-17,548,548,0,-0.00015143618158079683,0.018075758018533776,1.8263320270055071e-07,5.0159969876935351e-12,2.4601567383382697e-09
1.5942994004523121e-17,3307,201.91886392312509,-1.0849326057061005e-10,-4.2762894096647233e-22,0,2.0642137229409208e-18,35.076623344274921,178.28101390688497,178.28101390688497,-7.7216485284185366e-24,0.021218023622903801,-0.021218023622903801,0,0,1.3878788003230731e-17,549,549,0,-0.00015163304606907691,0.017959368040731654,3.3937162491375904e-07,5.0119053460669391e-12,2.4651686436843367e-09
1.5942585434023532e-17,3313,214.48764109359558,-1.048816873561836e-10,-4.0857049958966598e-22,0,2.0642748469170021e-18,34.741980019212015,178.28101390688497,178.28101390688497,-5.5677716448335797e-24,0.015206840730427338,-0.015206840730427338,0,0,1.3878316154878176e-17,550,550,0,-0.00015255666138283598,0.017779940314462839,4.9480566377501727e-07,5.0185878439862563e-12,2.4701872315283229e-09
1.5942190565925202e-17,3319,202.43484119072778,-1.0275595620610617e-10,-3.9486809833172813e-22,0,2.0643391098385647e-18,34.6002242561024,178.28101390688497,178.28101390688497,-9.8887856974071443e-25,0.0026770057686448002,-0.0026770057686448002,0,0,1.3877852444965207e-17,551,551,0,-0.00015391552092192383,0.017539573099522816,6.9494296292112874e-07,5.0510306301626597e-12,2.4752382621584855e-09
1.5941801427707382e-17,3325,164.03934659246278,-1.0366464741881095e-10,-3.8913821781831631e-22,0,2.0639753936730863e-18,34.391489649381569,178.28101390688497,178.28101390688497,4.068700834712965e-24,0.010925025087609744,0.010925025087609744,0,0,1.3877821965333462e-17,552,552,0,-0.00015517511409522344,0.017245883271519248,9.2937468230495601e-07,5.0206476895126422e-12,2.4802589098479983e-09
1.5941398056799937e-17,3331,172.09505325894958,-1.0802716610739793e-10,-4.033709074461853e-22,0,2.0632726901091672e-18,34.396368074332372,178.28101390688497,178.28101390688497,7.4523491179640897e-24,0.019926361941084329,0.019926361941084329,0,0,1.3878117914341653e-17,553,553,0,-0.00015583102801201243,0.016901744926229124,1.1338218950831333e-06,5.041220500875824e-12,2.4853001303488742e-09
1.5940966167165197e-17,3337,223.19344866917606,-1.1466672424889588e-10,-4.3188963474195014e-22,0,2.0629881115374754e-18,34.78899119362876,178.28101390688497,178.28101390688497,7.6254573287402014e-24,0.020422510552360797,0.020422510552360797,0,0,1.3877970430170393e-17,554,554,0,-0.0001555770471426441,0.016514045256762783,1.2098701757575812e-06,5.0521006276735558e-12,2.4903522309765479e-09
1.5940503119919044e-17,3343,210.98433246916613,-1.2117146464324007e-10,-4.6304724615129118e-22,0,2.0641873517504626e-18,35.127808501361905,178.28101390688497,178.28101390688497,4.5420144222955605e-24,0.012251484834857593,0.012251484834857593,0,0,1.3876311226154159e-17,555,555,0,-0.00015447156281864582,0.016094030336936061,1.0775604315908216e-06,5.0188890855857463e-12,2.4953711200621335e-09
1.5940013938190957e-17,3349,201.06504833119203,-1.2516544778272662e-10,-4.8918172808587297e-22,0,2.0677655493014286e-18,35.585587890847194,178.28101390688497,178.28101390688497,-3.9476177394751269e-25,0.0010757403734881236,-0.0010757403734881236,0,0,1.3872248783651304e-17,556,556,0,-0.00015290313214216071,0.015648787152752058,7.2245800165859689e-07,5.0106775700298425e-12,2.5003817976321634e-09
1.593951124981013e-17,3355,194.59478399786545,-1.2536551449715546e-10,-5.0268838082802287e-22,0,2.0738689632921831e-18,36.222061643778012,178.28101390688497,178.28101390688497,-5.1008246999461635e-24,0.014035457375840537,-0.014035457375840537,0,0,1.3865647387342647e-17,557,557,0,-0.00015142674499764108,0.015184209924218098,2.0906021598885975e-07,5.050973889736942e-12,2.5054327715219005e-09
1.5939014785010799e-17,3361,182.96084511158728,-1.2248986112711362e-10,-4.9646479933020099e-22,0,2.0813535898376041e-18,36.641147043960267,178.28101390688497,178.28101390688497,-7.5894588548370324e-24,0.020999359154785572,-0.020999359154785572,0,0,1.385766878463205e-17,558,558,0,-0.00015058909653096461,0.014714196824016063,-3.241635184157106e-07,5.0719551915075687e-12,2.5105047267134081e-09
1.5938538421272297e-17,3367,206.17360407121561,-1.1874395649533889e-10,-4.7636373850376495e-22,0,2.088172036374453e-18,36.951094282260179,178.28101390688497,178.28101390688497,-6.845702008663513e-24,0.018930263529449102,-0.018930263529449102,0,0,1.3850373230599851e-17,559,559,0,-0.00015067808393189373,0.014256601414372841,-7.162370354803291e-07,5.052017801350078e-12,2.5155567445147583e-09
1.5938082176444386e-17,3373,226.55201540799027,-1.1616880299344356e-10,-4.5624482790979037e-22,0,2.0922856097705263e-18,37.068420969768994,178.28101390688497,178.28101390688497,-3.2195439660334864e-24,0.0088491993485623876,-0.0088491993485623876,0,0,1.3845799786217825e-17,560,560,0,-0.00015159299725034584,0.013827677768704362,-8.551869578162344e-07,5.0158673774227343e-12,2.520572611892181e-09
1.5937631730733442e-17,3379,237.89554760081185,-1.1601667288734958e-10,-4.5044571094329232e-22,0,2.0923058993416876e-18,36.859422906855407,178.28101390688497,178.28101390688497,1.8474913665139539e-24,0.0050334091266440069,0.0050334091266440069,0,0,1.3845323983900388e-17,561,561,0,-0.00015293572408134118,0.013437443203739729,-7.156818332206967e-07,5.03954340344312e-12,2.5256121552956241e-09
1.5937172363824991e-17,3385,238.82300552046667,-1.1835209530768659e-10,-4.5936690845106881e-22,0,2.0877230585684695e-18,36.69419885092794,178.28101390688497,178.28101390688497,6.2344365638933603e-24,0.016850856180200015,0.016850856180200015,0,0,1.3849443070819959e-17,562,562,0,-0.00015415726499847757,0.013099643046197656,-3.5705808301755802e-07,5.085315814336406e-12,2.5306974711099606e-09
1.5936699078765569e-17,3391,229.77851700363283,-1.2142226857758586e-10,-4.732850594232228e-22,0,2.0791218575943395e-18,36.528032552408135,178.28101390688497,178.28101390688497,7.9344129595423317e-24,0.021361969605216923,0.021361969605216923,0,0,1.3857569286758269e-17,563,563,0,-0.00015476126316560121,0.012830736876604942,8.5895462722849815e-08,5.0848363842691924e-12,2.5357823074942299e-09
1.5936216236062027e-17,3397,219.71197580282936,-1.2256760668137741e-10,-4.8284270354150933e-22,0,2.0678663869162806e-18,36.259155424511221,178.28101390688497,178.28101390688497,6.1749538667267494e-24,0.01664713087076234,0.01664713087076234,0,0,1.386834367419188e-17,564,564,0,-0.00015455500797367344,0.012640944621309415,4.5502392916575748e-07,5.0652348025194497e-12,2.5408475422967495e-09
1.5935735490926024e-17,3403,213.58823035340305,-1.2018566916098576e-10,-4.8074513600376577e-22,0,2.055380773339421e-18,36.110670710284161,178.28101390688497,178.28101390688497,1.7465001965870108e-24,0.0047341307822444103,0.0047341307822444103,0,0,1.3880352971086407e-17,565,565,0,-0.00015371531728142874,0.012535050653407365,6.2635039353513402e-07,5.0779369146213543e-12,2.5459254792113708e-09
1.5935272028438707e-17,3409,211.9348823131437,-1.1445182847048476e-10,-4.6346248731736269e-22,0,2.0427732937176537e-18,35.876193324920131,178.28101390688497,178.28101390688497,-3.4314193066348844e-24,0.0093630261998882015,-0.0093630261998882015,0,0,1.3892502166140357e-17,566,566,0,-0.00015270255726166691,0.012516317772748128,5.3761506436461482e-07,5.1320026540880537e-12,2.551057481865459e-09
1.5934848149881976e-17,3415,217.38186128695222,-1.0700055905952892e-10,-4.2387855672925254e-22,0,2.0312441295987192e-18,35.440169827620608,178.28101390688497,178.28101390688497,-7.0333551263250554e-24,0.019267254258764247,-0.019267254258764247,0,0,1.3903611053638384e-17,567,567,0,-0.00015210079218400954,0.012583817056763013,2.1362788457535014e-07,5.0813647427878958e-12,2.5561388466082467e-09
1.593446593256346e-17,3421,227.27448488890934,-9.94917278303348e-11,-3.8221731851592186e-22,0,2.0215498959937982e-18,34.957096260238906,178.28101390688497,178.28101390688497,-7.6228431109483207e-24,0.020856547460534045,-0.020856547460534045,0,0,1.3912923659412774e-17,568,568,0,-0.00015228717195753629,0.012730400638296413,-2.4616620602617182e-07,5.0382352210571525e-12,2.561177081829304e-09
1.5934124531071271e-17,3427,228.50456744390141,-9.290758156476975e-11,-3.4140149218845e-22,0,2.0142892233871549e-18,34.415459199917684,178.28101390688497,178.28101390688497,-5.0603827412749399e-24,0.013756688123301006,-0.013756688123301006,0,0,1.3919840368066858e-17,569,569,0,-0.0001532703794667311,0.012944036562602899,-7.0570130892255012e-07,4.9489334897041625e-12,2.5661260153190082e-09
1.5933816481108374e-17,3433,217.77818292529466,-8.7636756281856774e-11,-3.0804996289741085e-22,0,2.0095597995919716e-18,33.983388404570846,178.28101390688497,178.28101390688497,-4.5062420826897759e-25,0.0012136358623311993,-0.0012136358623311993,0,0,1.3924257132140611e-17,570,570,0,-0.00015470874963938571,0.01321229162544831,-1.048348221462449e-06,4.8717673726080239e-12,2.5709977826916163e-09
1.5933530125797014e-17,3439,203.23326723054777,-8.4501350194449815e-11,-2.8635531136285924e-22,0,2.0070650208358896e-18,33.849769661091784,178.28101390688497,178.28101390688497,4.4133325630727344e-24,0.011780581085771645,0.011780581085771645,0,0,1.3926460691628559e-17,571,571,0,-0.00015609489502752821,0.013526173828445934,-1.20399682617334e-06,4.857601144044935e-12,2.5758553838356612e-09
1.5933251329148948e-17,3445,181.19051425800652,-8.4892064326231729e-11,-2.7879664806204914e-22,0,2.0062569959920012e-18,33.942511263787445,178.28101390688497,178.28101390688497,7.5625467036056795e-24,0.020081127690982335,0.020081127690982335,0,0,1.3926986770610245e-17,572,572,0,-0.00015691654248670055,0.013873377819643769,-1.155258241790031e-06,4.8393366204332848e-12,2.5806947204560946e-09
1.5932962761545339e-17,3451,149.05832208567014,-8.9342800740537643e-11,-2.8856760360938236e-22,0,2.0064932067009001e-18,34.218487065741144,178.28101390688497,178.28101390688497,7.7243224828102019e-24,0.020515697207722488,0.020515697207722488,0,0,1.3926461830521959e-17,573,573,0,-0.00015687829999557696,0.014238740827988457,-9.4714451657853115e-07,4.7800626582445835e-12,2.5854747831143391e-09
1.5932646058286856e-17,3457,134.54698810415479,-9.6833863467804684e-11,-3.1670325848643179e-22,0,2.0074097617616716e-18,34.644647853383411,178.28101390688497,178.28101390688497,4.9027445807985689e-24,0.01309372378907141,0.01309372378907141,0,0,1.3925231393780603e-17,574,574,0,-0.00015601445966847863,0.014614532938614333,-6.6178047643290485e-07,4.7631798664940148e-12,2.590237962980833e-09
1.5932289422342043e-17,3463,142.1047449569302,-1.0533735026128484e-10,-3.5663594480935956e-22,0,2.0089599148361934e-18,35.009064008606472,178.28101390688497,178.28101390688497,2.2860084087452832e-25,0.00061596316137146044,0.00061596316137146044,0,0,1.3923329278905012e-17,575,575,0,-0.00015463643986801619,0.014994611293630345,-3.8931317672068572e-07,4.7815791500208288e-12,2.5950195421308537e-09
1.5931895773704957e-17,3469,171.18190415522139,-1.1255441864257758e-10,-3.936486370887832e-22,0,2.0112398937683184e-18,35.195651996774913,178.28101390688497,178.28101390688497,-4.4242119948829695e-24,0.012028563056102433,-0.012028563056102433,0,0,1.3920660304148633e-17,576,576,0,-0.00015325368923424122,0.015368037969553291,-2.0453792262698698e-07,4.7513187532972204e-12,2.5997708608841507e-09
1.593147648281279e-17,3475,174.66195065920081,-1.1686032363400262e-10,-4.1929089216435673e-22,0,2.0144913286978586e-18,35.372368447554955,178.28101390688497,178.28101390688497,-7.3388303351939191e-24,0.020072028909039828,-0.020072028909039828,0,0,1.3916992492945268e-17,577,577,0,-0.00015234364133566929,0.01572976000326275,-1.3490471019413538e-07,4.7239380979579046e-12,2.6044947989821086e-09
1.5931042922111216e-17,3481,219.41525848041459,-1.180801285117589e-10,-4.3356070157464292e-22,0,2.0188568314585332e-18,35.541726489430467,178.28101390688497,178.28101390688497,-7.5039138869937623e-24,0.020544498321285864,-0.020544498321285864,0,0,1.391219359456657e-17,578,578,0,-0.00015218822759021383,0.016079752251292368,-1.6130591959182009e-07,4.7525503990346223e-12,2.6092473493811434e-09
1.5930608325683699e-17,3487,244.2478515995308,-1.1718791801718058e-10,-4.3459642751830678e-22,0,2.024158865145395e-18,35.534097128728909,178.28101390688497,178.28101390688497,-4.8357145954960165e-24,0.013186686449153863,-0.013186686449153863,0,0,1.3906454296252898e-17,579,579,0,-0.00015279661719619917,0.016412238783280242,-2.3306749402452928e-07,4.758308451182605e-12,2.6140056578323259e-09
1.5930183779785975e-17,3493,239.05336863069525,-1.1483707474458056e-10,-4.2454589772304285e-22,0,2.0302532062996284e-18,35.544263053753198,178.28101390688497,178.28101390688497,-3.2669101905728658e-25,0.00088463037418201151,-0.00088463037418201151,0,0,1.3899930900177365e-17,580,580,0,-0.00015387359728223646,0.016720772761783145,-2.9040850981174726e-07,4.7280346301431536e-12,2.6187336924624689e-09
1.5929773812866974e-17,3499,277.52208157036466,-1.1103795044404823e-10,-4.0996691900267678e-22,0,2.0371199098362812e-18,35.677080937245336,178.28101390688497,178.28101390688497,4.3808836009010162e-24,0.011779108221392576,0.011779108221392576,0,0,1.389264952214709e-17,581,581,0,-0.00015496658428921676,0.017003550379500128,-2.9308896536615068e-07,4.740112638887612e-12,2.6234738051013566e-09
1.5929382496491604e-17,3505,253.03525304326635,-1.0645449744529878e-10,-3.9131637536827693e-22,0,2.0444380196938505e-18,35.67491522073135,178.28101390688497,178.28101390688497,7.4724434594533747e-24,0.020007865764502746,0.020007865764502746,0,0,1.3884937004354295e-17,582,582,0,-0.00015561470397458722,0.017255242906019513,-2.3672657296653295e-07,4.7648060427258556e-12,2.6282386111440824e-09
1.5929014227866011e-17,3511,191.40178654089999,-1.0204984048710486e-10,-3.6826862559441118e-22,0,2.0516674599055244e-18,35.667559733608705,178.28101390688497,178.28101390688497,7.6914287225701374e-24,0.020605959304677696,0.020605959304677696,0,0,1.3877339076531763e-17,583,583,0,-0.00015552597772093801,0.017466297192993346,-1.5682103718334171e-07,4.7371986731154431e-12,2.6329758098171979e-09
1.5928667114704206e-17,3517,202.37689037816074,-9.8054125923359135e-11,-3.4711316180434897e-22,0,2.0583125471426383e-18,35.770909543078552,178.28101390688497,178.28101390688497,4.988110196469078e-24,0.013434273754812045,0.013434273754812045,0,0,1.3870349579451372e-17,584,584,0,-0.00015470722768208322,0.017630497185541247,-1.0848451670603936e-07,4.7270713025463232e-12,2.6377028811197442e-09
1.5928336167925052e-17,3523,191.44836745717541,-9.4666107722192939e-11,-3.3094677915287667e-22,0,2.0637317860767727e-18,35.650723884907869,178.28101390688497,178.28101390688497,4.0038601072534791e-25,0.0010873486729712758,0.0010873486729712758,0,0,1.386460398146227e-17,585,585,0,-0.00015342595122965673,0.017741673436351128,-1.4189238319290175e-07,4.7683405866837696e-12,2.642471221706428e-09
1.5928018451088893e-17,3529,171.94432645287858,-9.2374333243370999e-11,-3.177168361601936e-22,0,2.0672578979876265e-18,35.421156175623103,178.28101390688497,178.28101390688497,-4.2717382789018375e-24,0.011698247640855843,-0.011698247640855843,0,0,1.3860764824839545e-17,586,586,0,-0.00015215021977535759,0.017791685647731689,-2.7638688104103495e-07,4.7777724918512721e-12,2.6472489941982793e-09
1.5927709950156375e-17,3535,141.68157648014272,-9.1290504834018329e-11,-3.0850093251739286e-22,0,2.0685823363253028e-18,35.3662139027265,178.28101390688497,178.28101390688497,-7.2567833102074635e-24,0.019977292673222301,-0.019977292673222301,0,0,1.3859134870614383e-17,587,587,0,-0.00015135482880713417,0.017775751434442457,-4.8008520751704658e-07,4.7683599054355662e-12,2.6520173541037147e-09
1.5927403808819666e-17,3541,151.20238335507108,-9.110813069191111e-11,-3.061413367085665e-22,0,2.0677871019100816e-18,35.302907756584744,178.28101390688497,178.28101390688497,-7.4722340571384553e-24,0.020573424374145558,-0.020573424374145558,0,0,1.3859624179143642e-17,588,588,0,-0.00015133265131365509,0.017691057988182796,-6.8080206013180941e-07,4.8112774264447959e-12,2.6568286315301593e-09
1.5927095072266053e-17,3547,136.4781303871419,-9.1551498002098992e-11,-3.0873655361525726e-22,0,2.0654166597050831e-18,35.305634470422078,178.28101390688497,178.28101390688497,-4.7638997347293314e-24,0.013049656815001441,-0.013049656815001441,0,0,1.3861683176460704e-17,589,589,0,-0.00015210807846855682,0.017537075671627204,-7.860066280964278e-07,4.8576684916387337e-12,2.6616863000217981e-09
1.592678431334229e-17,3553,144.32585614693801,-9.1951920671287104e-11,-3.1075892376207233e-22,0,2.0624293520781966e-18,35.49883356647166,178.28101390688497,178.28101390688497,-1.2697491849687819e-25,0.00034493099556480423,-0.00034493099556480423,0,0,1.3864355088239012e-17,590,590,0,-0.00015338202921932564,0.017319710226605396,-7.2163871683322519e-07,4.857991520672824e-12,2.666544291542471e-09
1.5926475573310198e-17,3559,139.80383701107135,-9.1008811416643969e-11,-3.0874003209279946e-22,0,2.0598162763508668e-18,35.638932016907823,178.28101390688497,178.28101390688497,4.6451309650014643e-24,0.012514116990344824,0.012514116990344824,0,0,1.3866654651828365e-17,591,591,0,-0.00015466302871470651,0.017048054138864524,-4.6966752619363736e-07,4.8655985557699553e-12,2.671409890098241e-09
1.592617413232377e-17,3565,151.0252576755064,-8.8317580968938002e-11,-3.0144098642532121e-22,0,2.0582431021493723e-18,35.748975239743181,178.28101390688497,178.28101390688497,7.6253274536969369e-24,0.020436925641159561,0.020436925641159561,0,0,1.3867923404846946e-17,592,592,0,-0.00015546466372484653,0.016731827630642924,-7.2301563612127217e-08,4.9220402335064831e-12,2.6763319303317475e-09
1.5925886395975656e-17,3571,142.44537156959854,-8.520412533487104e-11,-2.8773634811617357e-22,0,2.0578074753492351e-18,35.903543605969908,178.28101390688497,178.28101390688497,7.4659058422106074e-24,0.020008934428769155,0.020008934428769155,0,0,1.3868071454720578e-17,593,593,0,-0.00015547025315095671,0.016388055044656128,3.7235167089076943e-07,4.9521860794179877e-12,2.6812841164111655e-09
1.5925613204650169e-17,3577,129.37409603491213,-8.3298492497714272e-11,-2.7319132548502456e-22,0,2.0581512899523334e-18,36.028842760229587,178.28101390688497,178.28101390688497,4.2189174163265896e-24,0.011362597316315145,0.011362597316315145,0,0,1.386745769578042e-17,594,594,0,-0.00015470778448504086,0.016036955293707002,7.4523350251474167e-07,4.9416778340577363e-12,2.686225794245223e-09
1.5925346866445285e-17,3583,137.04892421490209,-8.3257889813416426e-11,-2.6633820488510709e-22,0,2.058861961532952e-18,36.173611101055904,178.28101390688497,178.28101390688497,-6.9252762622405021e-25,0.0018793673263552645,-0.0018793673263552645,0,0,1.386648559743996e-17,595,595,0,-0.00015353740247950269,0.015696295723632094,9.5557572886283503e-07,4.9179949807475701e-12,2.6911437892259707e-09
1.5925075398645013e-17,3589,160.12919334843002,-8.5052211582912365e-11,-2.7146780027377545e-22,0,2.0596283552532381e-18,36.243987923547458,178.28101390688497,178.28101390688497,-5.2653573125904067e-24,0.014388650711192894,-0.014388650711192894,0,0,1.3865452308749086e-17,596,596,0,-0.00015247426074072718,0.015377845509674122,9.6827998497536112e-07,4.933012598064349e-12,2.6960768018240349e-09
1.5924792137511414e-17,3595,158.56181561650749,-8.8086029735105192e-11,-2.832611335958532e-22,0,2.0602723305999765e-18,36.213548507785205,178.28101390688497,178.28101390688497,-7.6642508804142897e-24,0.021009089870922353,-0.021009089870922353,0,0,1.3864527471162319e-17,597,597,0,-0.00015200267534002662,0.015094027629773042,8.0693630080331792e-07,4.9230358804248884e-12,2.7009998377044598e-09
1.5924495935739579e-17,3601,165.45218182025164,-9.12230759962149e-11,-2.9620177183673471e-22,0,2.060649708049164e-18,36.167889630509208,178.28101390688497,178.28101390688497,-6.992272737144819e-24,0.019123205946514808,-0.019123205946514808,0,0,1.3863853219963151e-17,598,598,0,-0.00015235138825355719,0.014852261100171923,5.4438993459435851e-07,4.8825274209895113e-12,2.7058823651254492e-09
1.5924186438027942e-17,3607,169.69849427132868,-9.373797196160774e-11,-3.0949771163661173e-22,0,2.0604637657140618e-18,35.984070951229079,178.28101390688497,178.28101390688497,-3.5219297650617309e-24,0.0095653962249573517,-0.0095653962249573517,0,0,1.3863726194243647e-17,599,599,0,-0.00015341452679329553,0.014651507276765357,2.6228714827996253e-07,4.8848326530826628e-12,2.7107671977785321e-09
1.5923864888939705e-17,3613,181.8727606039123,-9.559358150402128e-11,-3.2154908823794636e-22,0,2.0593319647419524e-18,35.686035291652999,178.28101390688497,178.28101390688497,1.4558127254960804e-24,0.0039183483599408006,0.0039183483599408006,0,0,1.3864531468385028e-17,600,600,0,-0.00015480722485644742,0.014488390603653045,2.2758993948303518e-08,4.9165282870911891e-12,2.7156837260656231e-09
1.592353706852629e-17,3619,198.51715687114981,-9.6622224046471126e-11,-3.2782041341285792e-22,0,2.0570390442538693e-18,35.403891348679949,178.28101390688497,178.28101390688497,5.909118791784347e-24,0.015785164596974158,0.015785164596974158,0,0,1.386649211515363e-17,601,601,0,-0.00015597764690918227,0.014359026707208063,-1.4734310204473332e-07,4.9033732928075517e-12,2.7205870993584308e-09
1.592321024783268e-17,3625,205.61635966560826,-9.629394919568022e-11,-3.2682069361043664e-22,0,2.0536971662091209e-18,35.163938056348314,178.28101390688497,178.28101390688497,7.9830813800803501e-24,0.021259732092009362,0.021259732092009362,0,0,1.386950509854218e-17,602,602,0,-0.00015645935207329691,0.01425683479132016,-2.6406267659832493e-07,4.8584968946933558e-12,2.7254455962531243e-09
1.5922889184627463e-17,3631,207.73884734238109,-9.4509127615397404e-11,-3.2106320521843989e-22,0,2.0495630375253281e-18,35.082339564058515,178.28101390688497,178.28101390688497,6.849945160043336e-24,0.018289191482373398,0.018289191482373398,0,0,1.3873319297156974e-17,603,603,0,-0.00015605631443228572,0.014174054211266407,-3.6794504838733323e-07,4.8607629486454668e-12,2.7303063592017696e-09
1.5922577943481161e-17,3637,209.00400317961117,-9.2137539781147894e-11,-3.1124114630190926e-22,0,2.0448761190611783e-18,35.145481808554194,178.28101390688497,178.28101390688497,2.9776756564971826e-24,0.0080103955219176879,0.0080103955219176879,0,0,1.3877698846744325e-17,604,604,0,-0.00015488600866370525,0.014105825169395896,-4.958616654847712e-07,4.8758647739006965e-12,2.7351822239756703e-09
1.5922278823316684e-17,3643,201.18734825392602,-9.0270266021663137e-11,-2.9912016447721184e-22,0,2.0399797959310489e-18,35.27236812861883,178.28101390688497,178.28101390688497,-1.9812101183945645e-24,0.005382459450038595,-0.005382459450038595,0,0,1.3882301008595752e-17,605,605,0,-0.00015336933304566891,0.014050383966442558,-6.594752163546188e-07,4.8433309017669893e-12,2.7400255548774373e-09
1.5921989192117012e-17,3649,188.52253460767557,-8.8903225220707767e-11,-2.8963119967284389e-22,0,2.0353320076575919e-18,35.460582003015872,178.28101390688497,178.28101390688497,-6.0610523080826162e-24,0.016611110276345153,-0.016611110276345153,0,0,1.3886663245511728e-17,606,606,0,-0.00015203309229101675,0.01400734302312873,-8.3962848021908597e-07,4.8208319116901612e-12,2.7448463867891276e-09
1.592170601652811e-17,3655,176.19369193920909,-8.727022519105894e-11,-2.8317558890075305e-22,0,2.0314164964176342e-18,35.561454997829735,178.28101390688497,178.28101390688497,-7.7513607141251268e-24,0.021345400497660792,-0.021345400497660792,0,0,1.3890297271471191e-17,607,607,0,-0.00015130817673057319,0.013978038678474171,-9.9469954183664865e-07,4.8474457581117615e-12,2.7496938325472392e-09
1.592143157949594e-17,3661,173.09282781244127,-8.5026532622933968e-11,-2.7443703217090766e-22,0,2.0286957046687367e-18,35.557648579701244,178.28101390688497,178.28101390688497,-6.4047453196253591e-24,0.017627050061459919,-0.017627050061459919,0,0,1.3892742279572522e-17,608,608,0,-0.00015139480933400802,0.013965745170035213,-1.074059876603491e-06,4.8562495010240566e-12,2.7545500820482631e-09
1.5921170973195281e-17,3667,153.08915612254427,-8.2322102279298676e-11,-2.6060630065696464e-22,0,2.0273759512704948e-18,35.538882784586924,178.28101390688497,178.28101390688497,-2.554276180692517e-24,0.0069948880407965158,-0.0069948880407965158,0,0,1.3893797576200968e-17,609,609,0,-0.00015215136192994503,0.013974007966070285,-1.0430928010962063e-06,4.826502391685993e-12,2.7593765844399491e-09
1.5920925178408651e-17,3673,155.34289064971918,-7.9449536474502592e-11,-2.4579478663246083e-22,0,2.0273608258408055e-18,35.420818370317384,178.28101390688497,178.28101390688497,2.3534677575805435e-24,0.0064017694997826136,0.0064017694997826136,0,0,1.3893561999100087e-17,610,610,0,-0.00015317820575889201,0.01400623272482397,-8.9917970491548355e-07,4.8347515291140529e-12,2.7642113359690633e-09
1.5920690859993606e-17,3679,140.99244260061622,-7.7277256553752115e-11,-2.3431841504160255e-22,0,2.0284297097352094e-18,35.270197790139015,178.28101390688497,178.28101390688497,6.4106628508594617e-24,0.017347259742204513,0.017347259742204513,0,0,1.3892254739595548e-17,611,611,0,-0.00015397875865624908,0.014065792059014145,-6.7248657314948556e-07,4.8752709996312898e-12,2.7690866069686945e-09
1.5920463968407042e-17,3685,136.44990994923202,-7.6442500699654467e-11,-2.2689158656498175e-22,0,2.0302807069794036e-18,35.169219474866168,178.28101390688497,178.28101390688497,7.9014582616757142e-24,0.021358635658573381,0.021358635658573381,0,0,1.3890175359969377e-17,612,612,0,-0.00015414253645802849,0.014153918307547603,-4.238598081804154e-07,4.8731022483161139e-12,2.7739597092170106e-09
1.5920240891745184e-17,3691,117.59623153067898,-7.6312708933725384e-11,-2.2307666185914119e-22,0,2.0326031964373343e-18,35.06762398711134,178.28101390688497,178.28101390688497,6.2121019545448929e-24,0.016856962409624619,0.016856962409624619,0,0,1.3887631483205896e-17,613,613,0,-0.00015354936147426567,0.014270015739392527,-2.2197836418366631e-07,4.8631037768561488e-12,2.7788228129938669e-09
1.5920019091387339e-17,3697,134.75610916955634,-7.5970060376654152e-11,-2.2180035784608047e-22,0,2.0350751082737137e-18,35.100199981165183,178.28101390688497,178.28101390688497,2.038574341209172e-24,0.0055733524333766628,0.0055733524333766628,0,0,1.3884941944539282e-17,614,614,0,-0.000152404856082201,0.014412869259581244,-1.1858460378214356e-07,4.891090653173223e-12,2.7837139036470402e-09
1.5919798394623035e-17,3703,132.62167295310192,-7.5556747882315352e-11,-2.2069676430354061e-22,0,2.0372253984683673e-18,35.272002490345933,178.28101390688497,178.28101390688497,-2.8995643130002458e-24,0.0079914735405002563,-0.0079914735405002563,0,0,1.3882575895718979e-17,615,615,0,-0.00015118010351415414,0.014578335375182928,-1.3173857901760129e-07,4.9061563701132465e-12,2.7886200600171533e-09
1.5919579540069647e-17,3709,139.08507993938079,-7.5629352314650938e-11,-2.1885455338866379e-22,0,2.0387099855088523e-18,35.424486114763859,178.28101390688497,178.28101390688497,-6.6119163732332185e-24,0.01831446634641901,-0.01831446634641901,0,0,1.3880876166477166e-17,616,616,0,-0.00015042563094122956,0.014760300755028551,-2.3262618693879329e-07,4.9004888799175516e-12,2.7935205488970707e-09
1.5919360903921075e-17,3715,141.80034880959113,-7.6223017850486025e-11,-2.186361485718694e-22,0,2.0395475395920191e-18,35.543958129842231,178.28101390688497,178.28101390688497,-7.6742884645536894e-24,0.021241763679182114,-0.021241763679182114,0,0,1.387982103861752e-17,617,617,0,-0.00015053459034097691,0.014952902340873965,-3.5395014288164324e-07,4.9057402733566165e-12,2.7984262891704272e-09
1.5919137170422751e-17,3721,185.65396925736886,-7.746766881662402e-11,-2.2373349832185756e-22,0,2.0399439626126927e-18,35.587373875495679,178.28101390688497,178.28101390688497,-5.6341541669407723e-24,0.015484840057461296,-0.015484840057461296,0,0,1.3879198841964227e-17,618,618,0,-0.00015160403514106137,0.015151288076939899,-4.1395779493740371e-07,4.9525014894623154e-12,2.8033787906598896e-09
1.5918905156621003e-17,3727,181.25404291298253,-7.9838423703738828e-11,-2.3201380174844877e-22,0,2.0401312152348539e-18,35.617988606533004,178.28101390688497,178.28101390688497,-1.2892266971931235e-24,0.0035031707962447137,-0.0035031707962447137,0,0,1.3878775230612847e-17,619,619,0,-0.00015334045119158303,0.015344957175801151,-3.4827310620219505e-07,4.8965742743852954e-12,2.8082753649342748e-09
1.5918660700339673e-17,3733,176.58488140067331,-8.3263942310734371e-11,-2.4445628132949505e-22,0,2.0402593373753548e-18,35.699081550956826,178.28101390688497,178.28101390688497,3.6529498654970611e-24,0.009805256927054317,0.009805256927054317,0,0,1.3878397710014453e-17,620,620,0,-0.00015522922604483243,0.015529145665005489,-1.4297598152673118e-07,4.8624322404106591e-12,2.8131377971746854e-09
1.5918400618108758e-17,3739,199.19970758463214,-8.675317168026708e-11,-2.600822309174122e-22,0,2.0402520769739839e-18,35.696076369901107,178.28101390688497,178.28101390688497,7.2322366941116045e-24,0.019225521792101734,0.019225521792101734,0,0,1.3878141308898077e-17,621,621,0,-0.00015674123118566971,0.015700836521536716,1.6328410080835738e-07,4.8716948361159756e-12,2.8180094920108015e-09
1.5918124679633436e-17,3745,217.29293985376128,-8.9655856638265216e-11,-2.7593847531904319e-22,0,2.0398103265396932e-18,35.649773231018585,178.28101390688497,178.28101390688497,7.9311848654872915e-24,0.020983218514342639,0.020983218514342639,0,0,1.387830642190888e-17,622,622,0,-0.00015749063273406277,0.015855645618436189,4.8410730369696578e-07,4.8499532868615133e-12,2.8228594452976628e-09
1.5917836798104461e-17,3751,226.02401910890126,-9.1822082105055078e-11,-2.8788152897620775e-22,0,2.0385649221235777e-18,35.537767983880791,178.28101390688497,178.28101390688497,5.4866450237873583e-24,0.01452308483865134,0.01452308483865134,0,0,1.387926638933586e-17,623,623,0,-0.00015741160494776754,0.015991586588630969,7.1971089200498837e-07,4.8085003184048415e-12,2.8276679456160678e-09
1.5917544086761245e-17,3757,225.60311996045306,-9.2203676916176281e-11,-2.9271134321612338e-22,0,2.036357028709169e-18,35.207830925989001,178.28101390688497,178.28101390688497,8.9626944896244856e-25,0.0023825109808958129,0.0023825109808958129,0,0,1.3881186161782627e-17,624,624,0,-0.00015674454671096678,0.016110293597387682,7.933574715092831e-07,4.8183916521460262e-12,2.8324863372682139e-09
1.5917257207978529e-17,3763,218.31120443364549,-8.9696390638553184e-11,-2.8687878271565776e-22,0,2.0334019907733054e-18,34.871656345519398,178.28101390688497,178.28101390688497,-3.9932504928894259e-24,0.010670360496947522,-0.010670360496947522,0,0,1.3883859210455715e-17,625,625,0,-0.00015593234853807526,0.016212846360272468,6.7118419154301288e-07,4.8107223437233988e-12,2.8372970596119372e-09
1.5916986630056916e-17,3769,206.74304091367605,-8.5015062304814311e-11,-2.7057792161444045e-22,0,2.0300694575232098e-18,34.646548635096885,178.28101390688497,178.28101390688497,-7.3056081220358682e-24,0.019582735785701771,-0.019582735785701771,0,0,1.3886924478141827e-17,626,626,0,-0.00015544321373133299,0.016302346523972791,3.7701061451617385e-07,4.8252268732273934e-12,2.8421222864851646e-09
1.5916742317874447e-17,3775,191.81655027083406,-7.9390113362516521e-11,-2.4431218246826543e-22,0,2.0269168067754702e-18,34.418443273648954,178.28101390688497,178.28101390688497,-7.7763869885826191e-24,0.020824421256943941,-0.020824421256943941,0,0,1.3889833287485966e-17,627,627,0,-0.0001555942998493649,0.016381610545057702,-1.7550306218302771e-08,4.8209442093576437e-12,2.8469432306945222e-09
1.5916528186788046e-17,3781,172.66182086882958,-7.3485192857907038e-11,-2.1413108640196893e-22,0,2.0246128560128715e-18,34.37795668255697,178.28101390688497,178.28101390688497,-5.2519919498326093e-24,0.013990764122899266,-0.013990764122899266,0,0,1.3891920582767122e-17,628,628,0,-0.00015641247038930344,0.016453310535632912,-4.2029075331313076e-07,4.7878614352572781e-12,2.8517310921297793e-09
1.5916339960287474e-17,3787,153.169387951446,-6.8637213310240883e-11,-1.8822650057030338e-22,0,2.0235351393413981e-18,34.585390333364025,178.28101390688497,178.28101390688497,-6.5765324480255186e-25,0.0017381633553192506,-0.0017381633553192506,0,0,1.3892805478599319e-17,629,629,0,-0.00015765042134610315,0.016520359948800269,-7.592218651712225e-07,4.7944412620768121e-12,2.8565255333918562e-09
1.5916168007812381e-17,3793,145.8313029374753,-6.6672691674865898e-11,-1.7195247509421121e-22,0,2.023797584489375e-18,34.887623568725232,178.28101390688497,178.28101390688497,4.270485844181751e-24,0.011199449298294955,0.011199449298294955,0,0,1.3892366152837159e-17,630,630,0,-0.00015888005332659929,0.016583774938630891,-9.9782371391285328e-07,4.7995621280512986e-12,2.8613250955199073e-09
1.5915999857720743e-17,3799,125.64535867504922,-6.7597894824150602e-11,-1.6815009163720836e-22,0,2.0255576051810969e-18,35.368747400074426,178.28101390688497,178.28101390688497,7.5829436104741968e-24,0.019789030676298888,0.019789030676298888,0,0,1.3890434669596036e-17,631,631,0,-0.00015966218302365082,0.016642957540054418,-1.1462004719491839e-06,4.7952447076949603e-12,2.8661203402276024e-09
1.5915824397709815e-17,3805,121.07601876594893,-6.9706171087607943e-11,-1.7546001092881306e-22,0,2.0290068991818154e-18,35.922313961437361,178.28101390688497,178.28101390688497,7.9513211662726214e-24,0.020741833211346559,0.020741833211346559,0,0,1.3886809547206832e-17,632,632,0,-0.00015972794941456058,0.01669539515913708,-1.249642040797856e-06,4.7591242703026441e-12,2.870879464497905e-09
1.5915637529526516e-17,3811,127.94177913292211,-7.1698537574832039e-11,-1.8686818329656856e-22,0,2.0341246553635378e-18,36.285421617375924,178.28101390688497,178.28101390688497,5.2793617236753901e-24,0.01382726598460746,0.01382726598460746,0,0,1.3881507594801257e-17,633,633,0,-0.0001590866953727541,0.016737495447659921,-1.3647737286362463e-06,4.7375730467965566e-12,2.8756170375447014e-09
1.5915443144922077e-17,3817,140.37267257798749,-7.2948449280523125e-11,-1.9438460443878559e-22,0,2.0406236811161609e-18,36.51290908478245,178.28101390688497,178.28101390688497,6.1575134663867974e-25,0.0016238739802060778,0.0016238739802060778,0,0,1.387481884805457e-17,634,634,0,-0.00015799444059503887,0.016764257692235759,-1.5301681422297679e-06,4.7586918118355797e-12,2.8803757293565372e-09
1.5915248033607842e-17,3823,149.04128767661015,-7.2681815681591198e-11,-1.9511131423506455e-22,0,2.0478553963289089e-18,36.637855581340474,178.28101390688497,178.28101390688497,-4.1977540993025011e-24,0.011148522599512496,-0.011148522599512496,0,0,1.3867396835033034e-17,635,635,0,-0.00015688753307259643,0.016769164025407145,-1.740765648150068e-06,4.7376918854565154e-12,2.8851134212419936e-09
1.5915056907762088e-17,3829,156.751640191967,-7.1094804369421231e-11,-1.9112584575609211e-22,0,2.0549497368119668e-18,36.594232573743604,178.28101390688497,178.28101390688497,-7.3687414168828178e-24,0.019656569274732142,-0.019656569274732142,0,0,1.3860114539691539e-17,636,636,0,-0.00015619759891920412,0.016746307580281172,-1.9464181336417398e-06,4.6941204850450932e-12,2.8898075417270387e-09
1.5914871942430912e-17,3835,164.84219691817543,-6.9868014025716028e-11,-1.8496533117664252e-22,0,2.0610670993660525e-18,36.519087308340715,178.28101390688497,178.28101390688497,-7.818403440325947e-24,0.020857600712452042,-0.020857600712452042,0,0,1.3853812661468298e-17,637,637,0,-0.00015618613785193302,0.016690039848264948,-2.0712708573529599e-06,4.7011459913940223e-12,2.8945086877184327e-09
1.5914691969468305e-17,3841,165.78856683800527,-6.9778149498130997e-11,-1.7997296260561769e-22,0,2.0655807319634266e-18,36.451821446505107,178.28101390688497,178.28101390688497,-5.3702655837769599e-24,0.014263317731168922,-0.014263317731168922,0,0,1.3849116607770464e-17,638,638,0,-0.0001568786941495631,0.016595542971788259,-2.0353436310352444e-06,4.7125454601354254e-12,2.8992212331785682e-09
1.5914510972162583e-17,3847,176.54760770450679,-7.0344178493630727e-11,-1.8099730572097674e-22,0,2.0682077322347453e-18,36.27171041594513,178.28101390688497,178.28101390688497,-9.2825626247604829e-25,0.0024475700135688986,-0.0024475700135688986,0,0,1.3846304168184102e-17,639,639,0,-0.00015802344388682395,0.016461370444111233,-1.7946597557768209e-06,4.6704458578635955e-12,2.9038916790364318e-09
1.5914322993659257e-17,3853,172.72417340540733,-7.2021251261519877e-11,-1.8797850332674308e-22,0,2.0689565127570194e-18,36.072552671322626,178.28101390688497,178.28101390688497,3.9127766057208288e-24,0.010239676149450747,0.010239676149450747,0,0,1.3845362568125633e-17,640,640,0,-0.00015921632304790429,0.016286442081749345,-1.3608579157702404e-06,4.6587356994621197e-12,2.9085504147358938e-09
1.5914125443897747e-17,3859,170.0079758475342,-7.4820666703707094e-11,-1.9754976151080894e-22,0,2.0681253438572228e-18,35.920062662963495,178.28101390688497,178.28101390688497,7.3800015215435252e-24,0.019213748874428168,0.019213748874428168,0,0,1.3845992720039003e-17,641,641,0,-0.00016004167922002574,0.016070350783606933,-7.9683606712059071e-07,4.6876053028805347e-12,2.9132380200387741e-09
1.5913916858984234e-17,3865,162.33170552855992,-7.7124151315020194e-11,-2.0858491351069304e-22,0,2.0663178726190551e-18,35.684492427952364,178.28101390688497,178.28101390688497,8.1042095719669402e-24,0.021077971826384743,0.021077971826384743,0,0,1.3847590882155608e-17,642,642,0,-0.00016020298424032829,0.01581895783960292,-2.1565125521792196e-07,4.6676845163429381e-12,2.9179057045551171e-09
1.5913697804131673e-17,3871,138.05547467284134,-7.8643261258212831e-11,-2.1905485256439631e-22,0,2.0640289339480675e-18,35.427353320520524,178.28101390688497,178.28101390688497,5.8426722853485335e-24,0.015246575745286236,0.015246575745286236,0,0,1.3849663027511318e-17,643,643,0,-0.00015967170768262199,0.015539067247808576,2.6835212112709847e-07,4.6423815186455706e-12,2.9225480860737628e-09
1.591347201868254e-17,3877,137.27837301431256,-8.0024568778167175e-11,-2.2578544913331726e-22,0,2.0615506232002966e-18,35.217342316958252,178.28101390688497,178.28101390688497,1.4576652451841703e-24,0.0038277090192168988,0.0038277090192168988,0,0,1.3851919937816997e-17,644,644,0,-0.00015867468393689332,0.015236376838646124,5.7469574169071163e-07,4.6580283619607642e-12,2.9272061144357235e-09
1.5913242891055377e-17,3883,122.72107165679115,-8.0471916312525433e-11,-2.2912762716084348e-22,0,2.0591897018631654e-18,34.925623226194851,178.28101390688497,178.28101390688497,-3.3427385678700641e-24,0.0088350701687213273,-0.0088350701687213273,0,0,1.385405653193078e-17,645,645,0,-0.00015764535085910001,0.014925773526097216,6.6827918244345711e-07,4.5967196954117572e-12,2.9318028341311353e-09
1.591301364998161e-17,3889,158.67207501158515,-7.9720779879360575e-11,-2.2924107376857049e-22,0,2.0570159683728574e-18,34.700689776833975,178.28101390688497,178.28101390688497,-6.9109080619454461e-24,0.018338591170121772,-0.018338591170121772,0,0,1.3856004592516813e-17,646,646,0,-0.00015702106007482546,0.014614423914997428,5.7779812824238439e-07,4.5915130715119238e-12,2.9363943472026474e-09
1.5912788101075155e-17,3895,158.52216665852555,-7.8587476548524829e-11,-2.2554890645490248e-22,0,2.0549523238017565e-18,34.776397643702452,178.28101390688497,178.28101390688497,-8.0378658348326378e-24,0.021313760657840897,-0.021313760657840897,0,0,1.3857843815139233e-17,647,647,0,-0.00015713373244072621,0.014313150094463118,3.7037668504386906e-07,4.5956205839511057e-12,2.9409899677865985e-09
1.5912569449094425e-17,3901,136.82517337457213,-7.6960547327255189e-11,-2.1865198072944427e-22,0,2.0529386843577251e-18,34.960334612224173,178.28101390688497,178.28101390688497,-6.3612424995625012e-24,0.016767879139426543,-0.016767879139426543,0,0,1.3859637125979199e-17,648,648,0,-0.00015807113625468375,0.014036512114733734,1.3523801457684083e-07,4.5507373108377548e-12,2.9455407050974364e-09
1.5912359533494146e-17,3907,152.04843944835557,-7.4670517620432512e-11,-2.0991560027951129e-22,0,2.0508331897486671e-18,35.172374529762273,178.28101390688497,178.28101390688497,-2.4378068323641018e-24,0.0063617949994028518,-0.0063617949994028518,0,0,1.3861528781552311e-17,649,649,0,-0.00015966450457988927,0.013792552784313615,-5.2481866973982205e-08,4.548533381298115e-12,2.9500892384787346e-09
1.5912159162725778e-17,3913,162.18492592995483,-7.2567669229691131e-11,-2.0037076836791362e-22,0,2.0484054354636459e-18,35.542522198743299,178.28101390688497,178.28101390688497,2.4585127225209833e-24,0.0063407437489696123,0.0063407437489696123,0,0,1.3863751268749408e-17,650,650,0,-0.0001615552278416014,0.013589921876643055,-1.4435368634398704e-07,4.5756058469448643e-12,2.9546648443256797e-09
1.5911967776082713e-17,3919,150.97652054726512,-7.0788413417241226e-11,-1.9138664306255054e-22,0,2.0455339792320029e-18,35.848157730181832,178.28101390688497,178.28101390688497,6.5654005634681855e-24,0.016755049729082573,0.016755049729082573,0,0,1.3866427231450148e-17,651,651,0,-0.00016326920017216355,0.013439157336492051,-1.28957411849921e-07,4.5490142013872992e-12,2.9592138585270668e-09
1.5911785302631133e-17,3925,137.31629206744313,-6.8719759597267835e-11,-1.8247345158195999e-22,0,2.0422084938698774e-18,35.955863320708993,178.28101390688497,178.28101390688497,8.4110304875837895e-24,0.021312009166469109,0.021312009166469109,0,0,1.3869568397730767e-17,652,652,0,-0.00016444231086424241,0.013344836842441874,-3.456238306103842e-08,4.548985838908756e-12,2.9637628443659754e-09
1.591161229163158e-17,3931,135.48688416062203,-6.6609829964806188e-11,-1.7301099955420476e-22,0,2.0384445656097831e-18,36.090890148337337,178.28101390688497,178.28101390688497,7.2657108637456044e-24,0.018358492653155353,0.018358492653155353,0,0,1.3873160460310931e-17,653,653,0,-0.00016490349092146073,0.013310307571065619,8.811709617172407e-08,4.5909272332485644e-12,2.9683537715992239e-09
1.5911448380647741e-17,3937,107.82744396283756,-6.4789146503405449e-11,-1.6391098383811552e-22,0,2.0343744255287209e-18,36.203617698362116,178.28101390688497,178.28101390688497,3.5168314109441207e-24,0.0088955871224933505,0.0088955871224933505,0,0,1.3877070438287608e-17,654,654,0,-0.00016472734188857798,0.013337384070428721,1.7902452463144072e-07,4.5817018172267015e-12,2.9729354734164505e-09
1.5911293534601826e-17,3943,119.151139750304,-6.2937399110813492e-11,-1.5484604591530355e-22,0,2.0301819130203157e-18,36.121603371411041,178.28101390688497,178.28101390688497,-1.4639446267522983e-24,0.0037142081500804299,-0.0037142081500804299,0,0,1.3881113085526137e-17,655,655,0,-0.00016422798700725969,0.013424087435557473,1.9124346420865095e-07,4.579408217006236e-12,2.9775148816334565e-09
1.5911146504178443e-17,3949,113.07036968694548,-6.14771403081222e-11,-1.4703042338019499e-22,0,2.0259908898361994e-18,35.955431154840419,178.28101390688497,178.28101390688497,-5.9254300814597524e-24,0.015070830444399429,-0.015070830444399429,0,0,1.3885161539772327e-17,656,656,0,-0.00016382170907680257,0.013567475300122903,1.039298287874999e-07,4.6104500096559544e-12,2.9821253316431124e-09
1.5911004130718873e-17,3955,135.64950068865133,-6.1261081785791481e-11,-1.4237345957090017e-22,0,2.0219148511798691e-18,35.697303794983824,178.28101390688497,178.28101390688497,-8.2731580954781168e-24,0.021033749546555673,-0.021033749546555673,0,0,1.3889097552697099e-17,657,657,0,-0.00016388657660963325,0.013762315497662891,-7.0513058091891404e-08,4.6379298436184479e-12,2.9867632614867308e-09
1.5910860911198562e-17,3961,140.13702392670925,-6.2068175176483648e-11,-1.4321952031125599e-22,0,2.0182397187176003e-18,35.280615412134473,178.28101390688497,178.28101390688497,-7.6549573835924554e-24,0.019377341552924369,-0.019377341552924369,0,0,1.3892628847438346e-17,658,658,0,-0.00016460284646303082,0.013999434380168679,-2.8755480990721785e-07,4.6253624501393478e-12,2.9913886239368702e-09
1.5910712239814581e-17,3967,149.89269257663682,-6.3542176445454851e-11,-1.4867138398031789e-22,0,2.015281394419761e-18,34.880809115858554,178.28101390688497,178.28101390688497,-4.2564771633654489e-24,0.010691446255757056,-0.010691446255757056,0,0,1.3895435101871985e-17,659,659,0,-0.00016588327799406212,0.014271351273170632,-4.9026704843671568e-07,4.6390121710228103e-12,2.996027636107893e-09
1.591053709771014e-17,3973,162.11627128154134,-6.4954820818327515e-11,-1.7514210444223246e-22,0,2.0134840638771515e-18,34.60292321741035,178.28101390688497,178.28101390688497,5.0448778163231471e-38,1.2573590102384104e-16,1.2573590102384104e-16,0,0,1.389705303383299e-17,660,660,0,-0.00016717837994971002,0.014524138020875987,-6.1247504134431439e-07,3.9723638921067975e-12,3e-09
