"Oxs_RungeKuttaEvolve:evolve:Total energy","Oxs_RungeKuttaEvolve:evolve:Energy calc count","Oxs_RungeKuttaEvolve:evolve:Max dm/dt","Oxs_RungeKuttaEvolve:evolve:dE/dt","Oxs_RungeKuttaEvolve:evolve:Delta E","Oxs_CubicAnisotropy::Energy","Oxs_UniformExchange::Energy","Oxs_UniformExchange::Max Spin Ang","Oxs_UniformExchange::Stage Max Spin Ang","Oxs_UniformExchange::Run Max Spin Ang","Oxs_ScriptUZeeman::Energy","Oxs_ScriptUZeeman::B","Oxs_ScriptUZeeman::Bx","Oxs_ScriptUZeeman::By","Oxs_ScriptUZeeman::Bz","Oxs_Demag::Energy","Oxs_TimeDriver::Iteration","Oxs_TimeDriver::Stage iteration","Oxs_TimeDriver::Stage","Oxs_TimeDriver::mx","Oxs_TimeDriver::my","Oxs_TimeDriver::mz","Oxs_TimeDriver::Last time step","Oxs_TimeDriver::Simulation time"
2.7730556310436897e-17,1,6304.8357849842196,-1.7735408319010952e-08,0,0,7.8000000000000001e-18,90.000000000000014,90.000000000000014,90.000000000000014,0,0,0,0,0,1.9930556310436898e-17,0,0,0,0,0.050000000000000003,0,0,0
2.7730529587115191e-17,7,6304.8297239370941,-1.7735361197858432e-08,-2.6723321706781577e-23,0,7.7999822348927296e-18,89.999877842877609,90.000000000000014,90.000000000000014,-1.466305798883185e-37,3.0266113071346636e-05,3.0266113071346636e-05,0,0,1.9930547352222463e-17,1,1,0,2.0054479440053303e-15,0.050000005725793592,2.0057726083007784e-13,1.5067799263900698e-15,1.5067799263900698e-15
2.7730422694532197e-17,13,6304.8053558341035,-1.7735175448055785e-08,-1.0689258299457623e-22,0,7.7999107984797367e-18,89.999376739433046,90.000000000000014,90.000000000000014,-1.8826765686908645e-35,0.00015133044035143877,0.00015133044035143877,0,0,1.9930511896052459e-17,2,2,0,5.1859145363171898e-14,0.050000027189540504,5.0144178491843643e-12,6.0271197055602791e-15,7.5338996319503486e-15
2.7729995134999983e-17,19,6304.7059009783743,-1.7734476206460874e-08,-4.2755953221435085e-22,0,7.7996190364803884e-18,89.997172730028652,90.000000000000014,90.000000000000014,-1.540558105150404e-33,0.00063557874913195355,0.00063557874913195355,0,0,1.9930376098519596e-17,3,3,0,1.0099572439988453e-12,0.050000090015194246,8.8452832034325484e-11,2.4108478822241116e-14,3.1642378454191468e-14
2.7728285040127817e-17,25,6304.2763674291009,-1.7732379422910463e-08,-1.7100948721649933e-21,0,7.7983556825692095e-18,89.985694619935416,90.000000000000014,90.000000000000014,-1.4076927113320402e-31,0.0025719800065253221,0.0025719800065253221,0,0,1.9929929357558749e-17,4,4,0,2.2804979234933853e-11,0.049999972972217026,1.4489039368851308e-09,9.6433915288964465e-14,1.2807629374315595e-13
2.7721445061818101e-17,31,6302.0493226421759,-1.7735203182709071e-08,-6.8399783097166972e-21,0,7.7917571065229971e-18,89.896754740436236,90.000000000000014,90.000000000000014,-1.8965843467268146e-29,0.010279488737679442,0.010279488737679442,0,0,1.9929687955314067e-17,5,5,0,7.6875754942496615e-10,0.049993626208253532,2.3267685480044901e-08,3.8573566115585786e-13,5.1381195489901386e-13
2.7693971894888807e-17,37,6284.4570248020937,-1.7927133408347197e-08,-2.7473166929291671e-20,0,7.7400573019053687e-18,88.854387522272589,90.000000000000014,90.000000000000014,-3.4521001978499511e-27,0.038714366233006725,0.038714366233006725,0,0,1.995391459643554e-17,6,6,0,3.7153522608180842e-08,0.049876871566073143,3.6051225604843845e-07,1.5429426446234314e-12,2.0567545995224453e-12
2.7610273255109359e-17,43,6109.8219940345416,-2.0057572512072907e-08,-8.3698639779449046e-20,0,7.3499013865673036e-18,79.736971761030262,90.000000000000014,90.000000000000014,-1.3025319413477139e-25,0.061241873638158618,0.061241873638158618,0,0,2.0260371998795248e-17,7,7,0,8.8619372657189768e-07,0.048895871434349557,2.631384176192878e-06,4.4909022327078461e-12,6.5476568322302918e-12
2.7507913483937704e-17,49,5588.775708943368,-2.3163925451551978e-08,-1.0235977117165392e-19,0,6.7691565807785091e-18,62.364762609384428,90.000000000000014,90.000000000000014,1.2010156761559612e-25,0.017824487440491522,-0.017824487440491522,0,0,2.0738756783057628e-17,8,8,0,2.8075040029796463e-06,0.047358647275346832,3.5952237301993714e-06,4.767340803909589e-12,1.131499763613988e-11
2.7387714408755896e-17,55,5001.6575375137627,-2.4438891331936492e-08,-1.2019907518181019e-19,0,6.4434449159006223e-18,53.53532150561832,90.000000000000014,90.000000000000014,6.3810844685906393e-25,0.064627332993676803,-0.064627332993676803,0,0,2.0944268854746827e-17,9,9,0,4.1140258650543787e-06,0.045066730654006203,1.3604541616100808e-06,5.1193792806671747e-12,1.6434376916807055e-11
2.7268847394629416e-17,67,5536.6695194657868,-2.4733381604690415e-08,-1.1886701412647854e-19,0,6.3130060829460514e-18,51.016285082282124,90.000000000000014,90.000000000000014,-1.0306913158731169e-25,0.010942807125436473,0.010942807125436473,0,0,2.0955841414752496e-17,10,10,0,3.9245388320398831e-06,0.041644269521933022,7.5851828974615877e-08,4.946218695211035e-12,2.138059561201809e-11
2.7157688604658659e-17,73,5419.0330162434129,-2.4107797776371352e-08,-1.1115878997075911e-19,0,6.418894141310135e-18,57.884693581859736,90.000000000000014,90.000000000000014,-5.9945811109858797e-25,0.066595870540242463,0.066595870540242463,0,0,2.0738795062806634e-17,11,11,0,3.7505961094393085e-06,0.037653021667919902,1.5868543768678017e-06,4.6169598594499121e-12,2.5997555471468003e-11
2.705747913713096e-17,79,4725.4850878982515,-2.3114618604733336e-08,-1.0020946752769724e-19,0,6.6438512352793132e-18,61.735952728878814,90.000000000000014,90.000000000000014,-1.8747639075666026e-25,0.018452370787760169,0.018452370787760169,0,0,2.0413628089328038e-17,12,12,0,4.2333401877681411e-06,0.033471406793899337,2.9584649551326582e-06,4.3216266315476835e-12,3.0319182103015689e-11
2.6962553667875032e-17,85,4814.6424301009902,-2.2907997277578575e-08,-9.4925469255929372e-20,0,6.7411214504594394e-18,59.987929530626019,90.000000000000014,90.000000000000014,6.226839999538638e-25,0.055418735284372092,-0.055418735284372092,0,0,2.0221431594731593e-17,13,13,0,4.6816598270740363e-06,0.029083420881687874,2.5126841345081147e-06,4.1897384748778533e-12,3.4508920577893543e-11
2.6868101557420114e-17,91,4952.7154273399083,-2.2020377528721919e-08,-9.4452110454917513e-20,0,6.9848273881667837e-18,62.1734274135354,90.000000000000014,90.000000000000014,5.4640146893950915e-25,0.05112522101478522,-0.05112522101478522,0,0,1.988327362285186e-17,14,14,0,4.4531304551071181e-06,0.024682865603833311,1.3624974036548036e-06,4.2560592628464291e-12,3.8764979840739973e-11
2.6779010702292854e-17,97,5038.5186249097696,-2.0931870770401264e-08,-8.9090855127260041e-20,0,7.3560782569438841e-18,69.642520984348039,90.000000000000014,90.000000000000014,-2.3478903988186991e-25,0.026112771314578433,0.026112771314578433,0,0,1.9422932680138011e-17,15,15,0,3.7463954109326005e-06,0.020614061551436441,1.2123244357751779e-06,4.2375413281727543e-12,4.3002521168912725e-11
2.6693479836978604e-17,103,4843.5684062239206,-2.0946344369536233e-08,-8.553086531425004e-20,0,7.6122604457567986e-18,75.218968964691726,90.000000000000014,90.000000000000014,-5.3306715793110133e-25,0.066340872983750271,0.066340872983750271,0,0,1.9081219924288963e-17,16,16,0,3.3480312485713511e-06,0.0170914596968334,2.0583926754778319e-06,4.1660562650510206e-12,4.7168577433963748e-11
2.6608971012898317e-17,109,4363.5732687815416,-2.0743150895956807e-08,-8.4508824080287273e-20,0,7.9744279055890004e-18,79.602160765646829,90.000000000000014,90.000000000000014,-1.4083696277477801e-25,0.016020910701288728,0.016020910701288728,0,0,1.863454324814628e-17,17,17,0,3.6628422014663619e-06,0.014354820724527644,2.7206312169234539e-06,4.1092653485565844e-12,5.1277842782520334e-11
2.6525269844899245e-17,115,4818.1871009137922,-2.0570648095420581e-08,-8.370116799906894e-20,0,8.4113985129365667e-18,74.692687949263743,90.000000000000014,90.000000000000014,5.8399615776062919e-25,0.056226578947818594,-0.056226578947818594,0,0,1.8113870747966522e-17,18,18,0,4.3276994074974211e-06,0.012390012302386497,2.5816308012332837e-06,4.1381596263146877e-12,5.541600240883502e-11
2.6441590240398346e-17,121,5059.777755955839,-2.1440996012771399e-08,-8.3679604500902284e-20,0,8.6951062656527534e-18,80.560027022318209,90.000000000000014,90.000000000000014,5.9944250877672893e-25,0.052713070306898833,-0.052713070306898833,0,0,1.7746483375303082e-17,19,19,0,4.7382501253982387e-06,0.011225411136635055,2.1041315287878875e-06,4.0560590915311067e-12,5.9472061500366125e-11
2.6354979179132912e-17,127,5430.5471516427888,-2.193828971142473e-08,-8.6611061265434286e-20,0,9.0627489976250043e-18,90.592113573006358,90.592113573006358,90.592113573006358,-2.3533018202556325e-25,0.019918723689411638,0.019918723689411638,0,0,1.7292230416838089e-17,20,20,0,4.9227171399816874e-06,0.010869356222411898,1.9366200747512632e-06,4.0349914274704254e-12,6.3507052927836551e-11
2.6259826474199515e-17,133,5469.8003856445075,-2.1716806119962894e-08,-9.5152704933393639e-20,0,9.5856226290119994e-18,101.71508877862779,101.71508877862779,101.71508877862779,-8.947648886517476e-25,0.066386655183898399,0.066386655183898399,0,0,1.6674204739952406e-17,21,21,0,5.615868167678515e-06,0.01130021223097467,2.2120862626127321e-06,4.467841858947632e-12,6.7974894786784181e-11
2.6168818786487327e-17,145,5446.5555174518986,-2.2161859542956958e-08,-9.1007687712191705e-20,0,9.8119677888450069e-18,108.08716758284079,108.08716758284079,108.08716758284079,-2.4474010292652286e-25,0.014011135281900455,0.014011135281900455,0,0,1.6356851242382422e-17,22,22,0,7.2781427653195955e-06,0.012382831106361403,2.3994297465828399e-06,4.2389857954202926e-12,7.2213880582204475e-11
2.6081862606471987e-17,151,5437.8767778248839,-2.2561024209231558e-08,-8.6956180015339007e-20,0,9.8096649714419175e-18,124.85869186902306,124.85869186902306,124.85869186902306,1.2040642010735704e-24,0.05510950669593951,-0.05510950669593951,0,0,1.6272196430965868e-17,23,23,0,9.10357299833248e-06,0.013956922088541464,1.9627278879769135e-06,3.9341221302157755e-12,7.614800271242025e-11
2.5997809937922647e-17,157,5828.1797410551617,-2.2728261443956289e-08,-8.4052668549341793e-20,0,9.6732358299459908e-18,141.77641968813464,141.77641968813464,141.77641968813464,1.3978268577950618e-24,0.05725352808081182,-0.05725352808081182,0,0,1.6324572710149795e-17,24,24,0,1.0172785449866206e-05,0.015950182119630955,1.0773579827833631e-06,3.7549969988159507e-12,7.9902999711236201e-11
2.5915263432707741e-17,163,6204.2721174728249,-2.3284859900202272e-08,-8.2546505214904013e-20,0,9.3662105022826312e-18,157.59006129908576,157.59006129908576,157.59006129908576,-9.9183837203834113e-26,0.0039505693892826176,0.0039505693892826176,0,0,1.6549053029608946e-17,25,25,0,1.046092215141592e-05,0.018244954449036579,5.0480541937201145e-07,3.627125810837586e-12,8.3530125522073786e-11
2.582821433598877e-17,169,5593.9077802877655,-2.379648574409829e-08,-8.7049096718971085e-20,0,9.0253662251985302e-18,171.58565722857895,171.58565722857895,171.58565722857895,-1.5913256694797672e-24,0.061711487492913754,0.061711487492913754,0,0,1.6802849702115909e-17,26,26,0,1.0744391185830659e-05,0.020816583045618908,7.9078201172477145e-07,3.7330090915463401e-12,8.7263134613620121e-11
2.5740798036216427e-17,175,5497.534529649517,-2.3685428129816429e-08,-8.7416299772341806e-20,0,8.8411267804588474e-18,178.28476499764349,178.28476499764349,178.28476499764349,-1.3876511167835058e-24,0.049322383644047521,0.049322383644047521,0,0,1.6899672643408696e-17,27,27,0,1.1722628198492651e-05,0.023444443936436101,1.4803230590508914e-06,3.7218850262467061e-12,9.098501963986683e-11
2.5654543394583015e-17,181,6249.9299750858818,-2.3671048759342594e-08,-8.6254641633413147e-20,0,8.7195801235596425e-18,173.0547214715981,178.28476499764349,178.28476499764349,5.8522411345910566e-25,0.018459635678455353,-0.018459635678455353,0,0,1.6934962685799258e-17,28,28,0,1.3209544589935491e-05,0.026045982202929471,1.4369280849710049e-06,3.6961746764855892e-12,9.4681194316352415e-11
2.5567797905785296e-17,187,6188.9673618337101,-2.4035493540068099e-08,-8.6745488797718842e-20,0,8.5787920984026836e-18,173.96959181523297,178.28476499764349,178.28476499764349,2.2579576610100355e-24,0.065550292259816303,-0.065550292259816303,0,0,1.6989003549424951e-17,29,29,0,1.4352578144995497e-05,0.028536217377807132,3.0105367375394662e-07,3.6871785530720321e-12,9.8368372869424451e-11
2.5483008420943437e-17,193,6245.5906784646522,-2.4146620191436165e-08,-8.4789484841857773e-20,0,8.5039218576937327e-18,177.15223980059861,178.28476499764349,178.28476499764349,1.4611407235026943e-24,0.041658342469593448,-0.041658342469593448,0,0,1.697908510210898e-17,30,30,0,1.4614326895968989e-05,0.030783442185420437,-1.0024395778164096e-06,3.5576846761448363e-12,1.0192605754556928e-10
2.5403081362229944e-17,199,6629.7195202483344,-2.417552294447003e-08,-7.99270587134937e-20,0,8.4582483263436166e-18,159.84626440240129,178.28476499764349,178.28476499764349,-7.4869754610611752e-25,0.02172797454793457,0.02172797454793457,0,0,1.6944833784583871e-17,31,31,0,1.435740410078317e-05,0.032813121408315389,-1.3992535677444599e-06,3.3424927184070589e-12,1.0526855026397634e-10
2.5327127937708653e-17,205,7571.4802644086194,-2.4603410920942187e-08,-7.5953424521290489e-20,0,8.3383434144364077e-18,135.46358768634079,178.28476499764349,178.28476499764349,-2.1817167684769977e-24,0.063803122595075118,0.063803122595075118,0,0,1.6988786704989014e-17,32,32,0,1.4247714164399853e-05,0.034665278742444613,-7.3537597335125616e-07,3.1418274313285782e-12,1.0841037769530492e-10
2.5251400701433702e-17,211,8334.0020314266949,-2.5195853327223881e-08,-7.5727236274953582e-20,0,8.1620043574677476e-18,106.06663917994283,178.28476499764349,178.28476499764349,-1.8915418163522526e-24,0.05372670243282112,0.05372670243282112,0,0,1.7089398235507769e-17,33,33,0,1.4669473237590865e-05,0.036370735195185508,3.0996685033818116e-07,3.0610699485785305e-12,1.1147144764388346e-10
2.5176237612801035e-17,217,8365.4668930261378,-2.5487815656574284e-08,-7.5163088632665028e-20,0,8.0123282763986237e-18,76.672662329197109,178.28476499764349,178.28476499764349,-9.8101880829491493e-26,0.0026360951636820468,0.0026360951636820468,0,0,1.7163909434504293e-17,34,34,0,1.5506186666622138e-05,0.037935954879760606,7.1382092523511045e-07,2.9806150192510635e-12,1.1445206266313452e-10
2.5100139890550754e-17,223,7468.5676315218161,-2.554017979994043e-08,-7.6097722250281045e-20,0,7.8854828014090688e-18,66.973074858162761,178.28476499764349,178.28476499764349,1.9783264952533892e-24,0.050737188823678288,-0.050737188823678288,0,0,1.721465511081519e-17,35,35,0,1.6246519081331788e-05,0.039463509556753942,-8.4791835440798122e-08,3.0029774513153859e-12,1.1745504011444991e-10
2.5023939127600999e-17,229,6637.8963273420877,-2.5822200307797108e-08,-7.6200762949756089e-20,0,7.7013976649273545e-18,67.359631357164687,178.28476499764349,178.28476499764349,2.5568440760844108e-24,0.065304178514372466,-0.065304178514372466,0,0,1.7322538905829567e-17,36,36,0,1.6313683482535804e-05,0.040946643145797622,-1.7068753473311761e-06,2.9922080590356439e-12,1.2044724817348554e-10
2.4940509551196002e-17,235,6977.3145550908412,-2.6337515241286829e-08,-8.3429576404997748e-20,0,7.4479297538121156e-18,70.47167476201308,178.28476499764349,178.28476499764349,9.5918531159457541e-25,0.025815521516901179,-0.025815521516901179,0,0,1.7492578838198575e-17,37,37,0,1.5481405101080115e-05,0.042461700500507599,-3.1552259007826799e-06,3.2329671606725012e-12,1.2368021533415805e-10
2.4857468163533028e-17,241,6757.3884417363261,-2.6541449900275983e-08,-8.3041387662972194e-20,0,7.2504445003645618e-18,69.318173305015733,178.28476499764349,178.28476499764349,-1.2035410990166539e-24,0.035256895909847645,0.035256895909847645,0,0,1.7607024866709566e-17,38,38,0,1.42234716070164e-05,0.043839693019938258,-3.2493791161421057e-06,3.1694847230178053e-12,1.2684970005717585e-10
2.4774428108588286e-17,247,5930.7993340495241,-2.658489304200115e-08,-8.3040054944740822e-20,0,7.0974265845518566e-18,62.339963917635885,178.28476499764349,178.28476499764349,-2.1115857743679629e-24,0.066481570763338216,0.066481570763338216,0,0,1.7677003635622205e-17,39,39,0,1.3234154907688499e-05,0.045130734276371112,-2.1451117845264043e-06,3.1594023115907994e-12,1.3000910236876664e-10
2.4693211589862483e-17,253,5513.4656858123981,-2.6681025316184069e-08,-8.121651872580239e-20,0,6.9444792876156336e-18,53.813968489954313,178.28476499764349,178.28476499764349,-1.3281455287841372e-24,0.043024894098896024,0.043024894098896024,0,0,1.7748733630392381e-17,40,40,0,1.2862180881900714e-05,0.046297591843901635,-1.0468229140496988e-06,3.0788103918212514e-12,1.3308791276058788e-10
2.4610910921429366e-17,259,5695.7574625237166,-2.6725686550607156e-08,-8.230066843311887e-20,0,6.805128063725745e-18,54.707554686415463,178.28476499764349,178.28476499764349,4.7844220524564292e-25,0.015588980797594814,-0.015588980797594814,0,0,1.7805782379261416e-17,41,41,0,1.2787937931303557e-05,0.047339440151505027,-1.1096507636511038e-06,3.1121087409277155e-12,1.3620002150151558e-10
2.4529705198079398e-17,265,5563.4104334815984,-2.6520400750229519e-08,-8.1205723349969609e-20,0,6.7291952098799295e-18,51.555380158617709,178.28476499764349,178.28476499764349,1.8193154507547819e-24,0.061171290537141945,-0.061171290537141945,0,0,1.7800508168884017e-17,42,42,0,1.2392220236364132e-05,0.048218459673490754,-2.5684481608729645e-06,3.07674250608378e-12,1.3927676400759936e-10
2.4447657406575645e-17,271,5166.0594706728516,-2.608048793165119e-08,-8.2047791503749647e-20,0,6.713380441652519e-18,44.150416301601723,178.28476499764349,178.28476499764349,1.5354987805553454e-24,0.056961834480004511,-0.056961834480004511,0,0,1.7734275429424345e-17,43,43,0,1.1231926857767006e-05,0.048992301889662609,-4.636306322172338e-06,3.1544578530181113e-12,1.4243122186061747e-10
2.4367435312797519e-17,277,4730.2452468492475,-2.5771410334684073e-08,-8.0222093778129508e-20,0,6.6994286435974444e-18,43.382303928108051,178.28476499764349,178.28476499764349,1.2296393628774546e-25,0.0054646755318150048,-0.0054646755318150048,0,0,1.7668006546236135e-17,44,44,0,9.3756661589754119e-06,0.049654174229573002,-5.9869565845155979e-06,3.1297497692517728e-12,1.4556097162986925e-10
2.4287589423243351e-17,283,4654.0355598914639,-2.5396919364153618e-08,-7.9845889554165977e-20,0,6.6979830875093231e-18,47.198704438945619,178.28476499764349,178.28476499764349,-8.9224015454594655e-25,0.050869680540382226,0.050869680540382226,0,0,1.7589607227974181e-17,45,45,0,7.3082183161688345e-06,0.050193431030930241,-5.8045397965338273e-06,3.1542689328713439e-12,1.4871524056274058e-10
2.4208678383785731e-17,289,4360.2206842040914,-2.4917005891040904e-08,-7.8911039457618309e-20,0,6.7159496671099564e-18,54.54903137923894,178.28476499764349,178.28476499764349,-8.9589343284413382e-25,0.064426422924227109,0.064426422924227109,0,0,1.7492729612569209e-17,46,46,0,5.7940347051930929e-06,0.050605488980394978,-4.3530781739412368e-06,3.1762010996137272e-12,1.5189144166235431e-10
2.4130113053758519e-17,295,4400.300875464105,-2.4701694988639962e-08,-7.8565330027214428e-20,0,6.7133561990174237e-18,55.407085082968514,178.28476499764349,178.28476499764349,-2.8272745823520604e-25,0.022618597317208,0.022618597317208,0,0,1.7416757137468552e-17,47,47,0,5.2082410745633143e-06,0.050933181252291626,-3.1137059505702807e-06,3.209652696089408e-12,1.5510109435844371e-10
2.4051621291332378e-17,301,4521.5306156969627,-2.4388929984972158e-08,-7.8491762426139652e-20,0,6.724931205114531e-18,48.449665260024489,178.28476499764349,178.28476499764349,4.6703076273862982e-25,0.039215857096854045,-0.039215857096854045,0,0,1.7326689619187084e-17,48,48,0,4.962180239005635e-06,0.051187596341808354,-3.534665982090834e-06,3.2364452554451742e-12,1.5833753961388889e-10
2.3973610457593443e-17,307,4434.4558515736317,-2.3856765281219783e-08,-7.8010833738934674e-20,0,6.7490515027427095e-18,51.487847822679562,178.28476499764349,178.28476499764349,6.4483375588925328e-25,0.06652381825966916,-0.06652381825966916,0,0,1.7224558310016979e-17,49,49,0,4.0388651560805738e-06,0.051345394597219554,-5.3392581146270942e-06,3.2812254605096576e-12,1.6161876507439855e-10
2.3898054793016762e-17,313,4662.8038199277717,-2.3638871403419981e-08,-7.5555664576682076e-20,0,6.7248136709623762e-18,57.234429002383422,178.28476499764349,178.28476499764349,1.8739818803688022e-25,0.034743186559973903,-0.034743186559973903,0,0,1.7173240934656196e-17,50,50,0,2.2474213242872307e-06,0.051409227009144416,-6.7546872542740249e-06,3.2282618454601615e-12,1.6484702691985871e-10
2.3821145491889963e-17,319,4599.5107742016644,-2.3528877075146863e-08,-7.690930112679678e-20,0,6.6865717266974855e-18,54.305173002117584,178.28476499764349,178.28476499764349,-7.9185989163507988e-27,0.028890031911272797,0.028890031911272797,0,0,1.7134573773111079e-17,51,51,0,1.1420604259707034e-07,0.051419516751474534,-6.5669860926621069e-06,3.3073266185420413e-12,1.6815435353840075e-10
2.3744132178893768e-17,325,4369.9154685477642,-2.3132636735814371e-08,-7.7013312996198354e-20,0,6.6682475589069682e-18,50.890899724523578,178.28476499764349,178.28476499764349,2.5973439683731779e-25,0.066189075979278353,0.066189075979278353,0,0,1.7075884360252402e-17,52,52,0,-1.6350532735139131e-06,0.051390935823557665,-4.8116953200068144e-06,3.3513402604076599e-12,1.7150569379880842e-10
2.366833893181837e-17,331,4439.6366557759447,-2.2829814592630298e-08,-7.5793247075397365e-20,0,6.6072602740519245e-18,62.811902178492183,178.28476499764349,178.28476499764349,2.5033537330108802e-25,0.041365877816513116,0.041365877816513116,0,0,1.7061078407431072e-17,53,53,0,-2.521556680255259e-06,0.051312323550638236,-2.7918608388269421e-06,3.3556498221353811e-12,1.7486134362094379e-10
2.3593480827150516e-17,337,4416.0238837892557,-2.2776936459886142e-08,-7.4858104667851963e-20,0,6.492807778747936e-18,65.372527709882363,178.28476499764349,178.28476499764349,-1.4504470640569877e-25,0.02193566028205023,-0.02193566028205023,0,0,1.7100673193447287e-17,54,54,0,-2.755116260830934e-06,0.0512071197546419,-2.193021678750653e-06,3.3348175074522861e-12,1.7819616112839608e-10
2.3517830476504275e-17,343,4039.5713993619611,-2.2645970781856072e-08,-7.5650350646241458e-20,0,6.3721330173529079e-18,59.809603323628615,178.28476499764349,178.28476499764349,-5.1804964988351292e-25,0.065078869500336214,-0.065078869500336214,0,0,1.7145697977201018e-17,55,55,0,-3.316806552456692e-06,0.051113334003058966,-3.4912659620995936e-06,3.3850825623807804e-12,1.8158124369077686e-10
2.3443693638510093e-17,349,3999.7790918352848,-2.2555057431958508e-08,-7.4136837994181658e-20,0,6.2422457767267571e-18,49.650703541940615,178.28476499764349,178.28476499764349,-5.5198874407737893e-25,0.046831572548615308,-0.046831572548615308,0,0,1.720144841377208e-17,56,56,0,-4.9111165291878088e-06,0.051015705871414206,-5.224594146154523e-06,3.3330540959494276e-12,1.8491429778672629e-10
2.3368328791323893e-17,355,4115.5750212105504,-2.259050571392186e-08,-7.5364847186202327e-20,0,6.099328789262332e-18,42.93688573258968,178.28476499764349,178.28476499764349,2.7818809975550231e-25,0.01607430011826793,0.01607430011826793,0,0,1.7268999723873461e-17,57,57,0,-7.2109956501362226e-06,0.050882805632617288,-5.6366860913250762e-06,3.3939314099066101e-12,1.883082291966329e-10
2.3290501091976155e-17,361,3874.4324263882954,-2.2393151604852932e-08,-7.7827699347737649e-20,0,5.9998026049224468e-18,43.377250409734707,178.28476499764349,178.28476499764349,1.4248814716337431e-24,0.064287258585694673,0.064287258585694673,0,0,1.7290697062172236e-17,58,58,0,-9.2351210215470442e-06,0.050732100723313335,-4.271550207863159e-06,3.5234143722767129e-12,1.9183164356890962e-10
2.3213793070966325e-17,367,3372.0778651203759,-2.2111018360877273e-08,-7.6708021009830363e-20,0,5.9395598257727458e-18,39.494382195855756,178.28476499764349,178.28476499764349,1.1396711534089339e-24,0.046580596421450404,0.046580596421450404,0,0,1.7274232105522426e-17,59,59,0,-1.0194437535538649e-05,0.05057640540421126,-2.5526487422074569e-06,3.5168477354151137e-12,1.9534849130432473e-10
2.3139575632373447e-17,373,3692.3144012617668,-2.2053230332106004e-08,-7.4217438592876571e-20,0,5.8765114725220642e-18,33.887680359050549,178.28476499764349,178.28476499764349,-4.21296295208345e-25,0.0168567063701512,-0.0168567063701512,0,0,1.7263064581147679e-17,60,60,0,-1.0413666771529242e-05,0.050401837672002965,-2.3878721636255795e-06,3.4166043182153288e-12,1.9876509562254005e-10
2.3063933730372401e-17,379,3907.3509116611581,-2.1675726443699651e-08,-7.5641902001048034e-20,0,5.8662729100396831e-18,37.367752703168762,178.28476499764349,178.28476499764349,-1.6926604604691938e-24,0.064472118145291732,-0.064472118145291732,0,0,1.7197662512993177e-17,61,61,0,-1.0939227873266985e-05,0.0502154656748467,-4.276347639266605e-06,3.5191505868217821e-12,2.0228424620936182e-10
2.2989969761329687e-17,385,3398.0647572772568,-2.1256834295958457e-08,-7.3963969042710746e-20,0,5.8762950158096163e-18,37.032744418584812,178.28476499764349,178.28476499764349,-1.3780455237072432e-24,0.046085240147218022,-0.046085240147218022,0,0,1.7113676123565595e-17,62,62,0,-1.2459208914761742e-05,0.0500665187334048,-6.73068282011244e-06,3.515241917975542e-12,2.0579948812733736e-10
2.2918690566937341e-17,391,3392.3284675630425,-2.1151289124800433e-08,-7.1279194392348588e-20,0,5.8539787194818333e-18,34.435670080444538,178.28476499764349,178.28476499764349,6.12776159618465e-25,0.017541825466175841,0.017541825466175841,0,0,1.7064711234679347e-17,63,63,0,-1.4555121434247122e-05,0.049952886405564806,-7.8209232273588468e-06,3.4175801461490471e-12,2.092170682734864e-10
2.2847464194065847e-17,397,3386.7729443793996,-2.0900860721282401e-08,-7.1226372871494168e-20,0,5.8500841202893029e-18,30.157924146334246,178.28476499764349,178.28476499764349,2.5170337062081406e-24,0.064249124293859913,0.064249124293859913,0,0,1.6997377556742838e-17,64,64,0,-1.6323398268613966e-05,0.049842549047318829,-7.2071184772674075e-06,3.4406731461091479e-12,2.1265774141959553e-10
2.2777664527319672e-17,403,3450.4194426903969,-2.0552064682606847e-08,-6.9799666746173059e-20,0,5.8722869731963832e-18,33.888106306691803,178.28476499764349,178.28476499764349,1.9624785795363346e-24,0.048006868356102426,0.048006868356102426,0,0,1.6905375591644709e-17,65,65,0,-1.7032967076180504e-05,0.049740167715097781,-6.118800606298173e-06,3.4232213978740271e-12,2.1608096281746956e-10
2.2708886525960425e-17,409,3470.4435191909215,-2.0275922318331847e-08,-6.8778001359247881e-20,0,5.9064791755947641e-18,33.329157847784856,178.28476499764349,178.28476499764349,-6.1065408155706271e-25,0.01503626083420297,-0.01503626083420297,0,0,1.6802407961019743e-17,66,66,0,-1.6921707029050838e-05,0.049638856077361022,-6.3056952112624516e-06,3.4241176582084913e-12,2.1950508047567805e-10
2.2639560273379789e-17,415,3282.1773631146639,-1.9933483187754129e-08,-6.9326252580636823e-20,0,5.9566635745109872e-18,33.648328481808903,178.28476499764349,178.28476499764349,-2.6124845688017223e-24,0.063923318402534901,-0.063923318402534901,0,0,1.668289931135337e-17,67,67,0,-1.702876609362662e-05,0.049504729625196163,-8.4194046394470324e-06,3.5097162121077653e-12,2.2301479668778581e-10
2.2571845142085577e-17,421,3204.8647450380008,-1.9586232913887086e-08,-6.771513129421075e-20,0,6.0043843592119689e-18,38.934130475576396,178.28476499764349,178.28476499764349,-2.0839598495470515e-24,0.04792169817187282,-0.04792169817187282,0,0,1.6567462866833459e-17,68,68,0,-1.811948735339567e-05,0.049333041925946459,-1.0993839387414022e-05,3.4889442591020813e-12,2.265037409468879e-10
2.2503544052151432e-17,427,3294.6827330612523,-1.9290633331325837e-08,-6.830108993414418e-20,0,6.0494223000055591e-18,36.776539769715868,178.28476499764349,178.28476499764349,8.7047315695063075e-25,0.01826751316956721,0.01826751316956721,0,0,1.6454120881672716e-17,69,69,0,-1.985476322706168e-05,0.049124754437106226,-1.2006708186480034e-05,3.5841696267425742e-12,2.3008791057363047e-10
2.243546608656949e-17,433,3175.6809085519753,-1.8934841363629315e-08,-6.8077965581944082e-20,0,6.0962506741873203e-18,31.891891002414731,178.28476499764349,178.28476499764349,3.306393399445592e-24,0.065330897902316901,0.065330897902316901,0,0,1.6339212105988769e-17,70,70,0,-2.108747867658424e-05,0.048856867742469237,-1.0907190989951875e-05,3.6383146151205509e-12,2.33726225188751e-10
2.2368924370334889e-17,439,3277.801335076801,-1.8708612179777688e-08,-6.6541716234599358e-20,0,6.1025141662208141e-18,39.926528152189285,178.28476499764349,178.28476499764349,2.1131967006397652e-24,0.041711977847179088,0.041711977847179088,0,0,1.6266408090917376e-17,71,71,0,-2.1109011624775206e-05,0.048506029828974194,-9.3199560313534685e-06,3.6130753064962842e-12,2.3733930049524726e-10
2.2303460404122336e-17,445,3545.8778812066307,-1.8625815836157545e-08,-6.5463966212553233e-20,0,6.0746288265764069e-18,40.30452682813516,178.28476499764349,178.28476499764349,-1.2728137229286292e-24,0.026012925093214036,-0.026012925093214036,0,0,1.6228832850359652e-17,72,72,0,-2.0387520792788516e-05,0.048055155880654135,-9.1006633952422881e-06,3.5744858005474216e-12,2.4091378629579467e-10
2.2239262991717435e-17,451,3620.6625522713412,-1.8401009656434844e-08,-6.4197412404900834e-20,0,6.0578514931890109e-18,38.701989795406796,178.28476499764349,178.28476499764349,-3.1745757367186564e-24,0.066232661178703092,-0.066232661178703092,0,0,1.618141467310416e-17,73,73,0,-1.9971111937190097e-05,0.047490158084286069,-1.0381164047655208e-05,3.5286390420394279e-12,2.4444242533783409e-10
2.2175913282264913e-17,457,3433.0557846154425,-1.8169387575358941e-08,-6.3349709452521219e-20,0,6.0249163063672713e-18,47.383335684369584,178.28476499764349,178.28476499764349,-1.8767574026935179e-24,0.038268853910705593,-0.038268853910705593,0,0,1.6150998852655046e-17,74,74,0,-2.0433908288634072e-05,0.046798248792464872,-1.1576027009811829e-05,3.5279983682515441e-12,2.4797042370608563e-10
2.2114295281399332e-17,463,3143.2298770396615,-1.7991151595017359e-08,-6.161800086558332e-20,0,5.963708631644526e-18,49.519092528935218,178.28476499764349,178.28476499764349,1.4331581746929112e-24,0.027940208258528363,0.027940208258528363,0,0,1.615058521659663e-17,75,75,0,-2.1372397583052518e-05,0.045984979676907692,-1.1002413166721479e-05,3.4649786320825749e-12,2.5143540233816822e-10
2.2052713785513024e-17,469,3098.5543196758467,-1.7895177955715506e-08,-6.1581495886305833e-20,0,5.8840136568738495e-18,45.96545872585515,178.28476499764349,178.28476499764349,3.4935367195217968e-24,0.066359118943028123,0.066359118943028123,0,0,1.6168696635102456e-17,76,76,0,-2.1935799073064701e-05,0.045042881262448653,-8.5366225993905636e-06,3.4898120577476548e-12,2.5492521439591589e-10
2.1992739697993065e-17,475,3168.0006080137705,-1.7602479144872659e-08,-5.9974087519960037e-20,0,5.829349949109968e-18,39.848470907538214,178.28476499764349,178.28476499764349,2.0260819314706065e-24,0.038867518553616913,0.038867518553616913,0,0,1.6163387722801166e-17,77,77,0,-2.171995630787375e-05,0.044011736164994923,-5.7634177057680309e-06,3.4253179344030639e-12,2.5835053233031898e-10
2.1933972684890349e-17,481,2970.7063033069981,-1.7243089678566739e-08,-5.87670131027152e-20,0,5.7735382284791838e-18,42.257465645593719,178.28476499764349,178.28476499764349,-1.357870704531994e-24,0.026610335640445463,-0.026610335640445463,0,0,1.616043581428187e-17,78,78,0,-2.1261643139990047e-05,0.042891199808134654,-4.2982534387569712e-06,3.4289627584882022e-12,2.6177949508880717e-10
2.1876386780612572e-17,487,3164.0149508308632,-1.7168703307874087e-08,-5.7585904277777302e-20,0,5.6744916426797717e-18,42.925405379463982,178.28476499764349,178.28476499764349,-3.4073467555007473e-24,0.065995984447812558,-0.065995984447812558,0,0,1.6201898545279557e-17,79,79,0,-2.1512336343945937e-05,0.041732213101016088,-4.351486063607396e-06,3.3979584254281307e-12,2.6517745351423529e-10
2.1818182178096418e-17,493,3437.2537605386497,-1.6917421517532919e-08,-5.8204602516156711e-20,0,5.5999323377377337e-18,38.178925116014859,178.28476499764349,178.28476499764349,-2.2557812191408203e-24,0.040893996451485649,-0.040893996451485649,0,0,1.6218252096139903e-17,80,80,0,-2.2984030001197631e-05,0.040534687466151055,-4.5609057061043858e-06,3.4637586537529049e-12,2.686412121679882e-10
2.176083128931149e-17,499,3405.5198518226157,-1.6508136280804936e-08,-5.7350888784923896e-20,0,5.5529227437854755e-18,42.898778531540742,178.28476499764349,178.28476499764349,1.547154975205573e-24,0.025428057714154368,0.025428057714154368,0,0,1.6207906998371042e-17,81,81,0,-2.5351834323449682e-05,0.039352491765128936,-3.5068456060263754e-06,3.4910078490038678e-12,2.7213222001699208e-10
2.1703775203458384e-17,505,3257.6080754058498,-1.6323793025903295e-08,-5.7056085853108464e-20,0,5.4726501655255682e-18,47.69622195749475,178.28476499764349,178.28476499764349,4.4311089687477254e-24,0.066194301339344799,0.066194301339344799,0,0,1.6231120606823846e-17,82,82,0,-2.7892059683253368e-05,0.03822632668959957,-1.143087667923816e-06,3.5424883345615944e-12,2.7567470835155367e-10
2.1646063000434667e-17,511,3623.1530639773632,-1.6215863636364465e-08,-5.7712203023714649e-20,0,5.3787029357938943e-18,48.083410631928437,178.28476499764349,178.28476499764349,2.686373677720365e-24,0.037111767405222491,0.037111767405222491,0,0,1.6267357378267097e-17,83,83,0,-3.016084773044102e-05,0.037191485032300499,1.3054588510540635e-06,3.6155874068115036e-12,2.7929029575836518e-10
2.1588190158948421e-17,517,3660.933769008655,-1.5966997994062474e-08,-5.7872841486249775e-20,0,5.3104710007881782e-18,43.81225211291855,178.28476499764349,178.28476499764349,-2.553427327087099e-24,0.032849619690696226,-0.032849619690696226,0,0,1.6277721711587568e-17,84,84,0,-3.2387834713772562e-05,0.036290509105785282,2.3741866543647241e-06,3.6699321176426355e-12,2.8296022787600782e-10
2.1531044066904995e-17,523,3324.688479187319,-1.570204381424518e-08,-5.7146092043424437e-20,0,5.2404719814291047e-18,43.055366168446241,178.28476499764349,178.28476499764349,-5.6423792011292894e-24,0.066490464142708303,-0.066490464142708303,0,0,1.6290577727855092e-17,85,85,0,-3.5358323394482339e-05,0.035564974045022527,1.807341909523008e-06,3.6898218847211909e-12,2.8665004976072902e-10
2.1474386725514648e-17,529,3181.7711681529408,-1.5530810529246317e-08,-5.6657341390345401e-20,0,5.1452334439696204e-18,44.882970406941013,178.28476499764349,178.28476499764349,-2.4216486412535174e-24,0.025573899634031203,-0.025573899634031203,0,0,1.6329155703193671e-17,86,86,0,-3.9455080438610167e-05,0.035045527801819645,1.0042601011813774e-06,3.709870628909677e-12,2.903599203896387e-10
2.1419408194640774e-17,535,2785.4323402276755,-1.5309564621828313e-08,-5.4978530873874192e-20,0,5.0561650311747301e-18,40.980027674916606,178.28476499764349,178.28476499764349,4.5256268476075195e-24,0.043038787648754608,0.043038787648754608,0,0,1.6363238637839197e-17,87,87,0,-4.3813451915982489e-05,0.034758054677910023,1.3036072437105637e-06,3.6364064188541347e-12,2.9399632680849282e-10
2.1365865154874367e-17,541,2581.5395805005564,-1.5049617306574519e-08,-5.3543039766409056e-20,0,4.970833383210822e-18,46.34939729991504,178.28476499764349,178.28476499764349,7.4065774739159814e-24,0.065051286399442521,0.065051286399442521,0,0,1.6395024365086072e-17,88,88,0,-4.7440629052470127e-05,0.034696256816054621,2.3459047646244532e-06,3.5955259383314613e-12,2.9759185274682427e-10
2.1312966210166712e-17,547,2645.9257665964046,-1.4816456257759524e-08,-5.2898944707652447e-20,0,4.8696322498590296e-18,50.845155435233011,178.28476499764349,178.28476499764349,2.0937678861919071e-24,0.017393618684985519,0.017393618684985519,0,0,1.6443331866539796e-17,89,89,0,-5.0156514392600704e-05,0.034856320602485454,2.7503728320009788e-06,3.6153916877159347e-12,3.0120724443454018e-10
2.1260251012048508e-17,553,2792.1073361799372,-1.4746668350710226e-08,-5.271519811820462e-20,0,4.7431719100442844e-18,50.029023097939458,178.28476499764349,178.28476499764349,-6.2247562664263685e-24,0.049341250046422085,-0.049341250046422085,0,0,1.6517085326760491e-17,90,90,0,-5.2565519558250286e-05,0.035243476371833192,1.5832620420010002e-06,3.6424672933617358e-12,3.0484971172790191e-10
2.1207685589072222e-17,559,2845.5278804032628,-1.4584948085355773e-08,-5.2565422976286933e-20,0,4.6350416248928192e-18,43.784588621112228,178.28476499764349,178.28476499764349,-8.2831147833902903e-24,0.062209746537773086,-0.062209746537773086,0,0,1.6572652247294187e-17,91,91,0,-5.5478410032053171e-05,0.035833242375379354,-6.735071022433294e-07,3.6528292521434066e-12,3.0850254098004531e-10
2.1156045331122918e-17,565,2691.4806519171684,-1.4392209218979541e-08,-5.1640257949303475e-20,0,4.5339258246099956e-18,35.243919893487167,178.28476499764349,178.28476499764349,-1.0086280583940307e-24,0.0071121922021822395,-0.0071121922021822395,0,0,1.6622120515140981e-17,92,92,0,-5.9090316888314361e-05,0.036590739458702087,-2.4296580642232162e-06,3.6427064697334266e-12,3.1214524744977874e-10
2.110539072260747e-17,571,2685.0746106838424,-1.4480041780439173e-08,-5.0654608515450054e-20,0,4.405234473080162e-18,35.638347184893739,178.28476499764349,178.28476499764349,8.2671270037683859e-24,0.054987657238254065,0.054987657238254065,0,0,1.6700147982400304e-17,93,93,0,-6.2643808166707563e-05,0.037482610638351156,-2.5674181749756827e-06,3.5753116319023769e-12,3.1572055908168113e-10
2.1053988693799208e-17,577,2608.8669851298537,-1.438372405131305e-08,-5.1402028808259889e-20,0,4.3160976244627768e-18,31.602926823467158,178.28476499764349,178.28476499764349,9.2004682643099654e-24,0.058657118583648922,0.058657118583648922,0,0,1.673788186886817e-17,94,94,0,-6.5354871429602304e-05,0.03849103631385313,-1.6558161245670758e-06,3.6238485809739183e-12,3.1934440766265503e-10
2.1001717783630863e-17,583,2255.9551337805983,-1.4218070891119094e-08,-5.2270910168347338e-20,0,4.2546920894929958e-18,31.377058961373212,178.28476499764349,178.28476499764349,-5.4617936307747508e-25,0.003391181236417806,-0.003391181236417806,0,0,1.6747026240317229e-17,95,95,0,-6.7107806616686292e-05,0.039592314404383343,-1.3892408898995684e-06,3.7411599167006648e-12,3.230855675793557e-10
2.0950530368904883e-17,589,2247.6461618055687,-1.4194317714512573e-08,-5.1187414725977535e-20,0,4.1973538071396424e-18,32.526006933538895,178.28476499764349,178.28476499764349,-1.006220954537039e-23,0.061045784749175956,-0.061045784749175956,0,0,1.6753186623974788e-17,96,96,0,-6.8679390850644558e-05,0.040697919619362553,-2.7648211277952456e-06,3.6754847411895078e-12,3.2676105232054518e-10
2.0899981397110099e-17,595,2284.2676719052733,-1.3999727043984079e-08,-5.0548971794784029e-20,0,4.1889436609557976e-18,31.291665845854535,178.28476499764349,178.28476499764349,-8.7393403266044922e-24,0.051360701265594937,-0.051360701265594937,0,0,1.6711046475494627e-17,97,97,0,-7.0898405064987016e-05,0.041786423970712187,-4.7339473470267692e-06,3.6522413759403765e-12,3.3041329369648557e-10
2.0849579904118571e-17,601,2440.7779800152207,-1.3784128621917339e-08,-5.0401492991529385e-20,0,4.2091840881512418e-18,32.491563070690312,178.28476499764349,178.28476499764349,2.7668604513738696e-24,0.015657057873080631,0.015657057873080631,0,0,1.6640393049106876e-17,98,98,0,-7.3631874567422402e-05,0.042851022023312653,-5.4833458038172342e-06,3.7068809251332296e-12,3.3412017462161878e-10
2.0799853250746735e-17,607,2278.0457031890892,-1.3603496516839681e-08,-4.9726653371834072e-20,0,4.2416974121277022e-18,29.549724674811266,178.28476499764349,178.28476499764349,1.1846756861857515e-23,0.065061960684671391,0.065061960684671391,0,0,1.6558143991862171e-17,99,99,0,-7.586842819523998e-05,0.043846685176215795,-4.3966086626591761e-06,3.7071207740910243e-12,3.3782729539570982e-10
2.0750607553677639e-17,613,2274.552314994768,-1.3423511215469417e-08,-4.9245697069097976e-20,0,4.284566567068024e-18,31.117806730684073,178.28476499764349,178.28476499764349,7.5599119287263135e-24,0.040988567828394419,0.040988567828394419,0,0,1.6466033426697686e-17,100,100,0,-7.6849801555012044e-05,0.044771386908297767,-2.8368147734746889e-06,3.7246142517491185e-12,3.4155190964745893e-10
2.0702551574767082e-17,619,2268.6493620301981,-1.3332183278676472e-08,-4.8055978910557065e-20,0,4.323189575219438e-18,30.863975529769544,178.28476499764349,178.28476499764349,-5.2612617627770364e-24,0.028508672714511452,-0.028508672714511452,0,0,1.6379367260809405e-17,101,101,0,-7.6895631834954651e-05,0.045590074157466812,-2.7839474241833524e-06,3.6647378932239359e-12,3.4521664754068289e-10
2.0655643039313042e-17,625,2090.3823756506072,-1.3166497917625809e-08,-4.6908535454036977e-20,0,4.3773322496188653e-18,34.147067970129811,178.28476499764349,178.28476499764349,-1.2328786906954117e-23,0.066542875383453687,-0.066542875383453687,0,0,1.6278323118481084e-17,102,102,0,-7.7198265253215404e-05,0.046271632237818071,-4.5744993758844548e-06,3.6022418509106714e-12,3.4881888939159357e-10
2.0608741543867967e-17,631,2169.7286367832207,-1.2972016026307353e-08,-4.6901495445078013e-20,0,4.4398050181145898e-18,37.714306574582317,178.28476499764349,178.28476499764349,-6.1061834718317273e-24,0.032411379833872302,-0.032411379833872302,0,0,1.6168942631936847e-17,103,103,0,-7.8498451047257208e-05,0.046842028902354962,-6.5150466434168268e-06,3.6625764955990069e-12,3.5248146588719259e-10
2.0562160996216594e-17,637,1959.2497813028813,-1.2874281796102719e-08,-4.6580547651372796e-20,0,4.4922860027642505e-18,38.275867213795621,178.28476499764349,178.28476499764349,7.2441857260666623e-24,0.037639505195439793,0.037639505195439793,0,0,1.6069867749266618e-17,104,104,0,-8.0192624837122859e-05,0.047294943497196762,-6.6208067927975326e-06,3.6766478710139532e-12,3.5615811375820655e-10
2.0514361083845491e-17,643,1993.2431012281927,-1.2585375417033739e-08,-4.7799912371103465e-20,0,4.5692416245935404e-18,33.816766242011283,178.28476499764349,178.28476499764349,1.273311637381036e-23,0.065420557773310017,0.065420557773310017,0,0,1.5945106726135577e-17,105,105,0,-8.1097828210871669e-05,0.047619687052728239,-4.9424477780126714e-06,3.8422862716979463e-12,3.6000040002990451e-10
2.0468122578188607e-17,649,1989.7685527252852,-1.2303430389395962e-08,-4.6238505656882394e-20,0,4.6291314527743184e-18,33.686266162934487,178.28476499764349,178.28476499764349,2.9755406380678724e-24,0.015352489762391069,0.015352489762391069,0,0,1.5838988149873653e-17,106,106,0,-8.0756191235696899e-05,0.047827963274128436,-3.5905362924130291e-06,3.8116831332426964e-12,3.6381208316314721e-10
2.0423703767240632e-17,655,2046.2433722622161,-1.2163623182507416e-08,-4.4418810947977678e-20,0,4.6471542155495674e-18,34.185270300160795,178.28476499764349,178.28476499764349,-9.9179354824919542e-24,0.051553500217234802,-0.051553500217234802,0,0,1.5776559469626544e-17,107,107,0,-8.0158924230039127e-05,0.047951844259847179,-4.1583540869110953e-06,3.7064082300856328e-12,3.6751849139323285e-10
2.0379527137883376e-17,661,2050.4615453322704,-1.1856149947998694e-08,-4.4176629357252391e-20,0,4.6632409604310859e-18,35.445748633967654,178.28476499764349,178.28476499764349,-1.1615571997008894e-23,0.060025271333308705,-0.060025271333308705,0,0,1.5716297793024288e-17,108,108,0,-8.0629734075646843e-05,0.047983875461200955,-6.0607008291949876e-06,3.759071104984837e-12,3.7127756249821767e-10
2.0336658585026932e-17,667,1957.0403571383313,-1.1653690373919674e-08,-4.286855285644564e-20,0,4.63992103731826e-18,41.353453437613041,178.28476499764349,178.28476499764349,4.9524086135015248e-26,0.00025035423897206717,0.00025035423897206717,0,0,1.5696737498184585e-17,109,109,0,-8.2423353302559511e-05,0.047950345729177529,-7.0511253399154154e-06,3.7349012633585316e-12,3.7501246376157621e-10
2.0292852576771127e-17,673,1866.2099695610889,-1.1592525934231956e-08,-4.3806008255806434e-20,0,4.5723973035651275e-18,41.662343171744602,178.28476499764349,178.28476499764349,1.2410876996933334e-23,0.061310629085449236,0.061310629085449236,0,0,1.5720442862329003e-17,110,110,0,-8.4344245457264287e-05,0.047858959446399223,-5.8909091787496799e-06,3.8652820108950533e-12,3.7887774577247127e-10
2.0249906886813898e-17,679,2003.7384696940519,-1.1406683964267954e-08,-4.2945689957227299e-20,0,4.5028526305809586e-18,37.698006069492941,178.28476499764349,178.28476499764349,9.9352552776277416e-24,0.048644257968778873,0.048644257968778873,0,0,1.5747044320977661e-17,111,111,0,-8.510130222707366e-05,0.04768488919648476,-4.0778310468276566e-06,3.8237684757728245e-12,3.827015142482441e-10
2.0207998491906282e-17,685,1840.1862845753365,-1.1313475882735485e-08,-4.190839490761626e-20,0,4.4089402071262384e-18,34.040379942348984,178.28476499764349,178.28476499764349,-4.2916697574922682e-24,0.021011780034438005,-0.021011780034438005,0,0,1.5799062576449803e-17,112,112,0,-8.510443805136408e-05,0.047438929166462557,-3.9620719611614673e-06,3.7793899740362083e-12,3.8648090422228033e-10
2.0167025492255056e-17,691,1955.5561726688563,-1.1307780487317371e-08,-4.0972999651225464e-20,0,4.2994198621736045e-18,32.941772129258013,178.28476499764349,178.28476499764349,-1.3576717847916505e-23,0.065990337216681336,-0.065990337216681336,0,0,1.5867619206799299e-17,113,113,0,-8.5724153089079385e-05,0.047116904401330983,-5.9698876057418696e-06,3.6944648731841103e-12,3.9017536909546445e-10
2.0125955752142322e-17,697,1772.554682995949,-1.1219633114978594e-08,-4.1069740112733762e-20,0,4.2020693923390305e-18,32.522870907287825,178.28476499764349,178.28476499764349,-7.7427131588393774e-24,0.036733776281816052,-0.036733776281816052,0,0,1.5923894102516452e-17,114,114,0,-8.7824634693119057e-05,0.046670740736564596,-8.4570977109776559e-06,3.720870812144176e-12,3.9389623990760864e-10
2.0085287848590252e-17,703,2008.6497233552591,-1.1174806919078215e-08,-4.0667903552070178e-20,0,4.1126821241833303e-18,31.77857431451114,178.28476499764349,178.28476499764349,7.3867040803298814e-24,0.033885008859569868,0.033885008859569868,0,0,1.5972598337702841e-17,115,115,0,-9.0830531565152731e-05,0.046083501916704669,-9.3586047969468809e-06,3.7068830078314445e-12,3.9760312291544009e-10
2.0044321231983529e-17,709,1983.2312959967785,-1.1115915741163223e-08,-4.0966616606724384e-20,0,4.0410224423667322e-18,31.774557331459171,178.28476499764349,178.28476499764349,1.4860463920168679e-23,0.066307328399531976,0.066307328399531976,0,0,1.6003283929152877e-17,116,116,0,-9.3381231248332189e-05,0.04531946813528643,-8.5042679397843854e-06,3.7504373772762617e-12,4.0135356029271637e-10
2.0003347314844799e-17,715,1738.1775544421125,-1.1034209508107682e-08,-4.0973917138727854e-20,0,3.9888226560288197e-18,31.977794141345854,178.28476499764349,178.28476499764349,5.0063346713917644e-24,0.021996564626540399,0.021996564626540399,0,0,1.6014519652481309e-17,117,117,0,-9.483175282881906e-05,0.04433638182897405,-7.7758227039386599e-06,3.780400114884441e-12,4.0513396040760083e-10
1.9963364311019714e-17,721,1824.7333175154902,-1.0966776326023636e-08,-3.998300382508751e-20,0,3.9548605265650994e-18,30.56337058166779,178.28476499764349,178.28476499764349,-1.0796444143202723e-23,0.046855133252553853,-0.046855133252553853,0,0,1.6008514580898757e-17,118,118,0,-9.6009083332493909e-05,0.043137945101806567,-8.7027039503326644e-06,3.703391860057626e-12,4.0883735226765846e-10
1.9923736585281475e-17,727,1870.2223393407764,-1.0838626337490446e-08,-3.9627725738236731e-20,0,3.9451624769576166e-18,31.767457675707757,178.28476499764349,178.28476499764349,-1.4850855578192138e-23,0.063089374895861583,-0.063089374895861583,0,0,1.5978588959179437e-17,119,119,0,-9.8080802054662875e-05,0.041695725765262814,-1.0568848988486437e-05,3.7026134967019959e-12,4.1253996576436044e-10
1.9885009910504205e-17,733,1854.2152749634488,-1.0725316035385157e-08,-3.8726674777272697e-20,0,3.9448071221436446e-18,32.092406260232146,178.28476499764349,178.28476499764349,-2.2804252440862442e-24,0.0093948536255077722,-0.0093948536255077722,0,0,1.5940205068785802e-17,120,120,0,-0.00010113805099175312,0.04001698483136313,-1.1451766173848943e-05,3.6574187192505443e-12,4.16197384483611e-10
1.9846279629213415e-17,739,1832.859583589491,-1.066223337788791e-08,-3.8730281290788339e-20,0,3.9475635197907766e-18,38.133705382297762,178.28476499764349,178.28476499764349,1.3758596836582119e-23,0.054972316916776238,0.054972316916776238,0,0,1.5898702350825801e-17,121,121,0,-0.00010428428349829899,0.038057611328682059,-1.0340361847171486e-05,3.6884881241900895e-12,4.1988587260780107e-10
1.9807884796206515e-17,745,1998.4691423780146,-1.0562886362751177e-08,-3.8394833006898112e-20,0,3.9615138781188987e-18,42.285511314813661,178.28476499764349,178.28476499764349,1.4841360128362081e-23,0.058120969984911459,0.058120969984911459,0,0,1.5846356076727489e-17,122,122,0,-0.00010639705522965019,0.035846733605624834,-8.0489944328099707e-06,3.6806945807576762e-12,4.2356656718855877e-10
1.9769465102563328e-17,751,2001.991458135024,-1.0483002386671274e-08,-3.8419693643189202e-20,0,3.9713192713564654e-18,42.829771199150443,178.28476499764349,178.28476499764349,-1.0679539899661065e-24,0.0041412854437996513,-0.0041412854437996513,0,0,1.5798146899160853e-17,123,123,0,-0.0001074499295427464,0.033366039852229183,-6.3307477310120158e-06,3.7230705864782568e-12,4.2728963777503706e-10
1.9730949873625799e-17,757,2055.8871241775632,-1.0523456478945374e-08,-3.8515228937530382e-20,0,3.9615456587791475e-18,41.631075984009321,178.28476499764349,178.28476499764349,-1.6104609819883406e-23,0.061808325945307316,-0.061808325945307316,0,0,1.5769420319456469e-17,124,124,0,-0.00010856553690774366,0.030644353677615636,-5.9968054577700484e-06,3.7363766157766805e-12,4.3102601439081373e-10
1.9691934988234934e-17,763,2003.4532125004043,-1.0478931393692558e-08,-3.901488539086337e-20,0,3.964145414624281e-18,40.461651759610632,178.28476499764349,178.28476499764349,-1.2843148205470181e-23,0.048306209594028919,-0.048306209594028919,0,0,1.5727802416758858e-17,125,125,0,-0.00011077896190267367,0.027681871776738778,-6.0629116686852653e-06,3.7833752208150506e-12,4.3480938961162877e-10
1.9652846560984905e-17,769,1959.320226402823,-1.0447645557992051e-08,-3.9088427250028986e-20,0,3.9693966882413712e-18,38.401365414058482,178.28476499764349,178.28476499764349,6.0468333742886167e-24,0.022137453540211825,0.022137453540211825,0,0,1.5683443825910161e-17,126,126,0,-0.00011381227300500187,0.024536809353821441,-5.226278777899315e-06,3.81408395334577e-12,4.3862347356497456e-10
1.9613206183476446e-17,775,1990.1078334669689,-1.0466929142023003e-08,-3.9640377508460236e-20,0,3.9767177192192746e-18,34.892497353546496,178.28476499764349,178.28476499764349,1.8576736671392583e-23,0.066456865398289863,0.066456865398289863,0,0,1.56364698875205e-17,127,127,0,-0.00011647114109324291,0.021233483163977558,-3.5192677586858736e-06,3.866102608943048e-12,4.4248957617391762e-10
1.9573353611462368e-17,781,2051.9090694572669,-1.0329104307351925e-08,-3.9852572014075869e-20,0,4.0199614569398523e-18,33.030594104283544,178.28476499764349,178.28476499764349,8.3214260176114407e-24,0.029389249653416931,0.029389249653416931,0,0,1.5553383833096499e-17,128,128,0,-0.0001179771815055019,0.01783435474971249,-2.0307174599724144e-06,3.911764453209132e-12,4.4640134062712678e-10
1.9533559139376335e-17,787,2121.0864690035505,-1.0184455409816103e-08,-3.9794472086031886e-20,0,4.0787397109414705e-18,34.884230516744893,178.28476499764349,178.28476499764349,-1.2828002689406935e-23,0.044934172241696498,-0.044934172241696498,0,0,1.5454832256437555e-17,129,129,0,-0.00011895181003528026,0.014414889452673154,-1.4605443904010827e-06,3.9706780287931909e-12,4.5037201865591998e-10
1.9494874253736155e-17,793,2258.9906064828642,-1.001982901882642e-08,-3.8684885640180874e-20,0,4.1449312205039676e-18,36.172748921927351,178.28476499764349,178.28476499764349,-1.8139940369516175e-23,0.062597051197407397,-0.062597051197407397,0,0,1.5349961173172556e-17,130,130,0,-0.00012074543996433106,0.011149979759361774,-1.466252045061677e-06,3.9086604766580374e-12,4.5428067913257802e-10
1.9456854653146293e-17,799,2142.3765495982193,-9.8322881051005321e-09,-3.8019600589861862e-20,0,4.2168485695700523e-18,33.027498538003371,178.28476499764349,178.28476499764349,-8.3022994687862218e-25,0.0027960290779435455,-0.0027960290779435455,0,0,1.5240006913806189e-17,131,131,0,-0.00012372158332034326,0.0080551855852179603,-1.2996815201567491e-06,3.9134146877206091e-12,4.5819409382029863e-10
1.9419720686508087e-17,805,2009.7428147091689,-9.6943256610314571e-09,-3.7133966638207261e-20,0,4.27808461132376e-18,31.32448292044662,178.28476499764349,178.28476499764349,1.829376915723695e-23,0.060207406877732544,0.060207406877732544,0,0,1.514161778141517e-17,132,132,0,-0.00012660242669139057,0.0052305652460459227,-7.8858397925709141e-07,3.8827436615381067e-12,4.6207683748183671e-10
1.9382083825072035e-17,811,1898.945983623463,-9.5707121153238196e-09,-3.7636861436053307e-20,0,4.3282202380017842e-18,32.899494115429704,178.28476499764349,178.28476499764349,1.478448922123607e-23,0.048077632222631853,0.048077632222631853,0,0,1.505384880258103e-17,133,133,0,-0.00012813034996519176,0.002628481536362374,-2.7933080580580283e-07,3.9990386881857969e-12,4.6607587617002251e-10
1.9344565062016921e-17,817,1961.9338062529725,-9.4678308841405487e-09,-3.7518763055115124e-20,0,4.3610990754974179e-18,36.318093913774632,178.28476499764349,178.28476499764349,-8.2136195891764233e-24,0.026632985957219781,-0.026632985957219781,0,0,1.4983474200139091e-17,134,134,0,-0.00012850010513234262,0.00036199047911582749,8.8418507031019542e-08,4.0381824322085873e-12,4.7011405860223106e-10
1.9307655186814764e-17,823,1910.8149125937873,-9.3393973421659563e-09,-3.69098752021545e-20,0,4.3757033814765352e-18,42.614065464300602,178.28476499764349,178.28476499764349,-2.0646682426235026e-23,0.066514144134379116,-0.066514144134379116,0,0,1.4931972452020656e-17,135,135,0,-0.00012933766879547699,-0.0014949008195281127,5.3019128442033741e-07,4.0143732669580817e-12,4.7412843186918916e-10
1.9271504430182152e-17,829,1791.090056999431,-9.1663280424436426e-09,-3.6150756632611616e-20,0,4.3700959655740199e-18,43.491331285413843,178.28476499764349,178.28476499764349,-6.4899385518018034e-24,0.020555414461668083,-0.020555414461668083,0,0,1.4901414954546685e-17,136,136,0,-0.00013155371147074738,-0.0029366215527487751,1.0120535805061566e-06,3.9979113845353409e-12,4.7812634325372447e-10
1.9236181551248775e-17,835,1721.0815457338065,-9.0500479641937058e-09,-3.532287893337709e-20,0,4.329652234712156e-18,41.302447291903633,178.28476499764349,178.28476499764349,1.6550381882241129e-23,0.051409020171447425,0.051409020171447425,0,0,1.4906512766154737e-17,137,137,0,-0.00013413973711104443,-0.0039586033343605529,1.2755847947078049e-06,3.964144136005422e-12,4.8209048738972988e-10
1.9201522211546566e-17,841,1754.438592841798,-8.8612536318058097e-09,-3.4659339702209138e-20,0,4.2734860032869403e-18,40.599030262111789,178.28476499764349,178.28476499764349,1.8983586645946475e-23,0.058374231486123272,0.058374231486123272,0,0,1.492801722467298e-17,138,138,0,-0.00013550204547060964,-0.0045793495286193557,1.2893610897380131e-06,3.9500772817845573e-12,4.8604056467151442e-10
1.916710463414656e-17,847,1608.1648378944956,-8.6814351449180677e-09,-3.4417577400006596e-20,0,4.1938283322896051e-18,42.073878791045011,178.28476499764349,178.28476499764349,-3.1116791927465897e-24,0.0095641008269060201,-0.0095641008269060201,0,0,1.4973279413536149e-17,139,139,0,-0.00013556245594258421,-0.0048121107072855128,1.3057841895497161e-06,4.0205633802181864e-12,4.9006112805173264e-10
1.9133240478989918e-17,853,1650.4619726414694,-8.5351434462424181e-09,-3.3864155156640943e-20,0,4.096403111804888e-18,42.295173748817476,178.28476499764349,178.28476499764349,-2.1247412909440459e-23,0.065096558492993464,-0.065096558492993464,0,0,1.5036858614597941e-17,140,140,0,-0.000135999335713281,-0.0046628111104448618,1.4566712150681998e-06,4.0242693679618346e-12,4.9408539741969443e-10
1.9099859860272937e-17,859,1731.1300696043056,-8.3652477332792631e-09,-3.3380618716983058e-20,0,4.0001872007096458e-18,40.251704892049666,178.28476499764349,178.28476499764349,-1.1776424199119456e-23,0.035507666979130381,-0.035507666979130381,0,0,1.5099684435987489e-17,141,141,0,-0.00013819109600146301,-0.0041527031379090936,1.5104615083978326e-06,4.0501665732822132e-12,4.9813556399297666e-10
1.9068100206487791e-17,865,1575.5165007566752,-8.3179595678460279e-09,-3.1759653785145631e-20,0,3.9018912521597679e-18,38.848160802064292,178.28476499764349,178.28476499764349,1.2927427747911673e-23,0.038148685586327891,0.038148685586327891,0,0,1.5166196026900275e-17,142,142,0,-0.000141195643978538,-0.0033446405415270678,1.2519666815635962e-06,3.8867082961253151e-12,5.0202227228910196e-10
1.9036504966393849e-17,871,1764.9044734170247,-8.2742420872400322e-09,-3.1595240093939769e-20,0,3.8185342272155338e-18,39.007289662026452,178.28476499764349,178.28476499764349,2.2388921183267229e-23,0.065138010832102786,0.065138010832102786,0,0,1.5217948350257133e-17,143,143,0,-0.00014321464595749042,-0.0022610740753912979,7.7728762406687267e-07,3.8825008906648683e-12,5.0590477317976678e-10
1.9005361645802208e-17,877,1849.7558500248463,-8.2678743475893265e-09,-3.1143320591641437e-20,0,3.7486305316659321e-18,37.630453725049087,178.28476499764349,178.28476499764349,4.6310740250010915e-24,0.013445249452413717,0.013445249452413717,0,0,1.525672648306225e-17,144,144,0,-0.00014351642815653545,-0.00094279829126627261,3.1221316221587889e-07,3.8378980323946438e-12,5.0974267121216147e-10
1.8973448465549726e-17,883,1677.202036149906,-8.2980650918780395e-09,-3.1913180252482574e-20,0,3.6883158274603649e-18,32.023943947660001,178.28476499764349,178.28476499764349,-1.9043677136503257e-23,0.055375065954116925,-0.055375065954116925,0,0,1.5285151681766499e-17,145,145,0,-0.00014329311102068983,0.00064195907487615248,-1.4863270190658114e-07,3.9289997428456832e-12,5.1367167095500715e-10
1.8940961179478512e-17,889,1869.6269470524551,-8.2452893259745515e-09,-3.2487286071214621e-20,0,3.6512112692518104e-18,31.58660431063883,178.28476499764349,178.28476499764349,-1.8757883944802897e-23,0.054189652820719206,-0.054189652820719206,0,0,1.5289768668110645e-17,146,146,0,-0.00014423020946188831,0.0024736240292116264,-7.8677386237245932e-07,4.0104584720847398e-12,5.1768212942709191e-10
1.8907658499529469e-17,895,1766.6173170978532,-8.1955918536105152e-09,-3.3302679949043305e-20,0,3.6257827611952296e-18,30.158103918810237,178.28476499764349,178.28476499764349,6.9933171822601064e-24,0.019904182654907024,0.019904182654907024,0,0,1.5281868745017057e-17,147,147,0,-0.00014639546922354959,0.0045682032630500729,-1.5463444803594515e-06,4.1574982222935993e-12,5.2183962764938548e-10
1.887562375829062e-17,901,1761.1653674799531,-8.1303526153371848e-09,-3.2034741238848181e-20,0,3.610767178616158e-18,32.861997950310467,178.28476499764349,178.28476499764349,2.3578264093805207e-23,0.066483514904537938,0.066483514904537938,0,0,1.5264833001410369e-17,148,148,0,-0.00014777011594315992,0.0067300632265900545,-2.0759526022720334e-06,4.004426392578408e-12,5.2584405404196385e-10
1.8843832893587837e-17,907,1791.4546659060263,-7.9975604977517698e-09,-3.179086470278185e-20,0,3.60806960728013e-18,36.583321021951825,178.28476499764349,178.28476499764349,9.5034081168406768e-24,0.026885057299757441,0.026885057299757441,0,0,1.5235753782899591e-17,149,149,0,-0.00014728454315225906,0.0089871210946277473,-2.4714084238865448e-06,4.0281833985944685e-12,5.2987223744055833e-10
1.8812824009551167e-17,913,1565.4395452303277,-7.8670318692392992e-09,-3.1008884036671162e-20,0,3.6081681048826242e-18,34.715394525519443,178.28476499764349,178.28476499764349,-1.654469190584165e-23,0.047209792067250365,-0.047209792067250365,0,0,1.5204672449360448e-17,150,150,0,-0.00014602101228526173,0.011251259783530611,-3.1014126331436759e-06,3.9900522451964855e-12,5.3386228968575483e-10
1.8781577725510496e-17,919,1703.7868187326383,-7.7011412030492617e-09,-3.1246284040670257e-20,0,3.6087430883514381e-18,33.081871107846368,178.28476499764349,178.28476499764349,-2.0926349303337605e-23,0.059770512950046949,-0.059770512950046949,0,0,1.5172855563508362e-17,151,151,0,-0.00014587982902217346,0.013559642922069497,-4.0491748552626811e-06,4.1109475474386516e-12,5.3797323723319346e-10
1.8749996083631648e-17,925,1539.4914566825537,-7.5892891965162731e-09,-3.1581641878848111e-20,0,3.597109769440562e-18,34.83519742994438,178.28476499764349,178.28476499764349,3.9398949704771851e-24,0.011150246837579099,0.011150246837579099,0,0,1.5152882374296117e-17,152,152,0,-0.00014722749444727166,0.015866466170817013,-4.6403015312938806e-06,4.2511640232839142e-12,5.4222440125647739e-10
1.8719791754995527e-17,931,1528.7576506649821,-7.5169600218783937e-09,-3.0204328636123297e-20,0,3.5749522079944915e-18,37.891586370971645,178.28476499764349,178.28476499764349,2.3331365820284313e-23,0.065664431411474905,0.065664431411474905,0,0,1.5144816215635213e-17,153,153,0,-0.00014804670071989298,0.017967870469690291,-4.2755343297851744e-06,4.0936584925718616e-12,5.463180597490493e-10
1.8689872842356206e-17,937,1518.9796471747543,-7.4607312306378369e-09,-2.9918912639321632e-20,0,3.5407644506412429e-18,43.242440320954941,178.28476499764349,178.28476499764349,1.1383685033919099e-23,0.032264446378688354,0.032264446378688354,0,0,1.5149097008029928e-17,154,154,0,-0.00014701018085964336,0.019912218015654466,-3.6430722040720989e-06,4.0884403193399618e-12,5.5040650006838921e-10
1.8659939443277344e-17,943,1343.7152935749561,-7.3912046649841019e-09,-2.9933399078862139e-20,0,3.4976739871003029e-18,44.718165143739419,178.28476499764349,178.28476499764349,-1.5620898992743142e-23,0.044847563327298882,-0.044847563327298882,0,0,1.5162281077076031e-17,155,155,0,-0.0001451295774117764,0.02168327131030226,-3.8960706219610079e-06,4.1263483881975479e-12,5.5453284845658678e-10
1.8629848676829884e-17,949,1444.8805797531718,-7.3057707890310151e-09,-3.0090766447459018e-20,0,3.4447252141208995e-18,42.89483002861482,178.28476499764349,178.28476499764349,-2.0944705783585597e-23,0.060400133520193459,-0.060400133520193459,0,0,1.5185144407414768e-17,156,156,0,-0.00014448578561901737,0.023266663761758757,-5.0970450461581883e-06,4.2010430686909281e-12,5.5873389152527768e-10
1.8599517866741025e-17,955,1329.0114429960299,-7.2444249896484038e-09,-3.0330810088858908e-20,0,3.3781346100564284e-18,40.203770445964238,178.28476499764349,178.28476499764349,3.6541875669222097e-24,0.010466124478975502,0.010466124478975502,0,0,1.5221379602497028e-17,157,157,0,-0.00014547678617264764,0.0246395967900663,-5.8980057905636692e-06,4.2893267596496309e-12,5.6302321828492729e-10
1.8570084462365007e-17,961,1390.8860274762021,-7.2144768050376109e-09,-2.9433404376017793e-20,0,3.3069300534505935e-18,38.535236222434413,178.28476499764349,178.28476499764349,2.3077374657380683e-23,0.065805341304143464,0.065805341304143464,0,0,1.5263131331539755e-17,158,158,0,-0.00014612146344579756,0.025734164365040935,-5.4063351679684395e-06,4.171832338892116e-12,5.6719505062381944e-10
1.8540766165003679e-17,967,1417.9324211996429,-7.1800418071102962e-09,-2.9318297361328502e-20,0,3.2406660992313807e-18,37.421669270533421,178.28476499764349,178.28476499764349,1.0448361312201926e-23,0.030010510529829237,0.030010510529829237,0,0,1.5300089617410987e-17,159,159,0,-0.00014506530556216216,0.026596287014777977,-4.6309978732328456e-06,4.1717346604671361e-12,5.7136678528428658e-10
1.8512059271896012e-17,973,1307.0745899583408,-7.1274668418330322e-09,-2.8706893107666075e-20,0,3.1860632534904789e-18,35.939353723959414,178.28476499764349,178.28476499764349,-1.5940535232593616e-23,0.046321854460561633,-0.046321854460561633,0,0,1.5326011958940764e-17,160,160,0,-0.00014338566012950924,0.027225780176268317,-4.9464350565245699e-06,4.1000819704713158e-12,5.7546686725475794e-10
1.8483337138746735e-17,979,1453.2931864696925,-7.0532842484189906e-09,-2.8722133149275627e-20,0,3.1457823347782868e-18,34.077778424682066,178.28476499764349,178.28476499764349,-2.0603685928434473e-23,0.06003667099505082,-0.06003667099505082,0,0,1.5337575407654377e-17,161,161,0,-0.00014299375689161631,0.027656960157634355,-6.076432222466562e-06,4.1427182216771009e-12,5.7960958547643508e-10
1.8455074248114701e-17,985,1346.5991726109598,-6.9347809466298886e-09,-2.8262890632035484e-20,0,3.1291163905171502e-18,32.346675630997574,178.28476499764349,178.28476499764349,2.8042510893953312e-24,0.0081021437046965451,0.0081021437046965451,0,0,1.5325955053346462e-17,162,162,0,-0.00014421343245702174,0.027897194974750988,-6.3309523603680646e-06,4.1281096748703593e-12,5.8373769515130546e-10
1.8426810213335817e-17,991,1393.3813097712318,-6.7711867858794528e-09,-2.8264034778884372e-20,0,3.1386339891004594e-18,30.31813087274093,178.28476499764349,178.28476499764349,2.2898070960598272e-23,0.065594855079678493,0.065594855079678493,0,0,1.5288153326164397e-17,163,163,0,-0.0001454513907937209,0.027971337410714843,-4.8523821523286462e-06,4.2266804326191511e-12,5.8796437558392463e-10
1.8399077041465346e-17,997,1356.836795758868,-6.5656915397840258e-09,-2.7733171870471164e-20,0,3.1736487535753775e-18,27.172778842794628,178.28476499764349,178.28476499764349,1.0297528888142226e-23,0.029509598683418934,0.029509598683418934,0,0,1.5225417990361081e-17,164,164,0,-0.00014539801380410169,0.027898777777920519,-2.8972486429130914e-06,4.2636183658465735e-12,5.9222799394977116e-10
1.8371510921294319e-17,1003,1218.8650031055597,-6.3289506701773405e-09,-2.7566120171025964e-20,0,3.2243019375187408e-18,26.954464087190171,178.28476499764349,178.28476499764349,-1.7746824496944181e-23,0.050977679811465199,-0.050977679811465199,0,0,1.5147226730600075e-17,165,165,0,-0.00014505387915664974,0.027702602909214766,-2.1657585201322459e-06,4.4122556193506245e-12,5.9664024956912182e-10
1.8345161736344394e-17,1009,1291.4054040937931,-6.2005412008029175e-09,-2.6349184949926071e-20,0,3.2615518441488755e-18,26.983346340831378,178.28476499764349,178.28476499764349,-1.921612368493873e-23,0.054687936294455598,-0.054687936294455598,0,0,1.5083629108319201e-17,166,166,0,-0.00014640739337737051,0.027432071898199049,-2.4138596027714082e-06,4.3321514497178538e-12,6.0097240101883969e-10
1.8319987005776745e-17,1015,1252.7689895867802,-6.1186305737948741e-09,-2.5174730567647783e-20,0,3.292743240357453e-18,31.276405608805483,178.28476499764349,178.28476499764349,7.0547250845248673e-24,0.019692190278094393,0.019692190278094393,0,0,1.5027236710694207e-17,167,167,0,-0.00014927078926765981,0.027122749604631794,-1.9086218032014586e-06,4.1895063796721777e-12,6.0516190739851184e-10
1.8295267582225984e-17,1021,1439.7924573834994,-6.0761332193502381e-09,-2.4719423550761303e-20,0,3.322915694799364e-18,32.346981839450933,178.28476499764349,178.28476499764349,2.425142361522911e-23,0.066589544706903356,0.066589544706903356,0,0,1.4972327636003003e-17,168,168,0,-0.0001517469429195517,0.026793068880470707,-2.6547579476102936e-07,4.1495762917697767e-12,6.0931148369028165e-10
1.827080545123557e-17,1027,1372.8516676455799,-6.0231399771471416e-09,-2.446213099041322e-20,0,3.357253818601639e-18,29.664803237501129,178.28476499764349,178.28476499764349,8.2146311914688776e-24,0.022412405740373214,0.022412405740373214,0,0,1.491354341800274e-17,169,169,0,-0.00015271734039152041,0.026450518138308381,1.1034505397748339e-06,4.1338513079869908e-12,6.134453349982686e-10
1.82465053963444e-17,1033,1165.1981992422257,-5.9726558307005605e-09,-2.4300054891171513e-20,0,3.3885501659584059e-18,32.21609448801545,178.28476499764349,178.28476499764349,-1.927702909249048e-23,0.052437361501651861,-0.052437361501651861,0,0,1.4857974507415086e-17,170,170,0,-0.00015317504972011162,0.026084466034113719,9.0364108988066925e-07,4.1435772959289774e-12,6.1758891229419757e-10
1.8221964544703e-17,1039,1201.0891618929884,-5.9391014599231981e-09,-2.4540851641399322e-20,0,3.4096967443536041e-18,33.300122799502013,178.28476499764349,178.28476499764349,-2.0296762053092713e-23,0.054626672753743312,-0.054626672753743312,0,0,1.4812288097111448e-17,171,171,0,-0.0001548141917212028,0.025664738881514736,-3.5041590194148738e-07,4.2221595956659206e-12,6.2181107188986353e-10
1.8197097178532766e-17,1045,1136.9202478215079,-5.9395908625286372e-09,-2.4867366170235063e-20,0,3.4163774682395232e-18,39.595061491428567,178.28476499764349,178.28476499764349,8.2594111559348658e-24,0.021829245260381012,0.021829245260381012,0,0,1.4780711450882087e-17,172,172,0,-0.00015765186903735003,0.025147644332731849,-9.1287682830208423e-07,4.2961466985223001e-12,6.2610721858838583e-10
1.8171787324658222e-17,1051,1192.2823700835697,-5.9321881307185641e-09,-2.5309853874542104e-20,0,3.4163914540000331e-18,41.883474420440599,178.28476499764349,178.28476499764349,2.5462286168700365e-23,0.066367562086468573,0.066367562086468573,0,0,1.4755370408372022e-17,173,173,0,-0.00015985649570497996,0.024475194303990616,-1.8252737437466902e-07,4.3792613920975701e-12,6.3048647998048339e-10
1.8146605016928481e-17,1057,1270.5838342548445,-5.8919842571050512e-09,-2.5182307729740906e-20,0,3.4155505870897517e-18,39.623249098274933,178.28476499764349,178.28476499764349,4.2961885489044287e-24,0.011159246346867276,0.011159246346867276,0,0,1.473105013365018e-17,174,174,0,-0.00016041213773779572,0.023614117024916344,4.1789743411482052e-07,4.3719976420422178e-12,6.3485847762252562e-10
1.8121680589523857e-17,1063,1365.1129005866776,-5.8220660212430821e-09,-2.4924427404624596e-20,0,3.4142264922338528e-18,36.86989394705973,178.28476499764349,178.28476499764349,-2.3444981373119405e-23,0.060745251012991795,-0.060745251012991795,0,0,1.4707477542271377e-17,175,175,0,-0.00016081491270337876,0.022534912179418703,-2.629058918939457e-07,4.3656273722718868e-12,6.3922410499479753e-10
1.8097228697600839e-17,1069,1295.880114081207,-5.7259955261914495e-09,-2.4451891923016405e-20,0,3.4144124447631461e-18,38.217979942210064,178.28476499764349,178.28476499764349,-1.6437280924388588e-23,0.042065081026182324,-0.042065081026182324,0,0,1.4682832690118619e-17,176,176,0,-0.00016281597193563047,0.02122916761062003,-1.3438607863202198e-06,4.3425843439871308e-12,6.4356668933878462e-10
1.8073538791284559e-17,1075,1177.917388494699,-5.6594448342956724e-09,-2.3689906316283304e-20,0,3.4070018602098461e-18,42.207681753673796,178.28476499764349,178.28476499764349,1.5003842691888627e-23,0.037706436186614949,0.037706436186614949,0,0,1.4666521927232019e-17,177,177,0,-0.00016579665844529558,0.019727258437161867,-1.3655967761383485e-06,4.2621317386328181e-12,6.4782882107741747e-10
1.8050566673764986e-17,1081,1154.9451341249915,-5.6314823013549797e-09,-2.2972117519569371e-20,0,3.3844005327703528e-18,44.367553570437316,178.28476499764349,178.28476499764349,2.5741026703136696e-23,0.063938245726763654,0.063938245726763654,0,0,1.4666140399967931e-17,178,178,0,-0.00016774666979153642,0.018069968871335777,-4.6598627542664567e-07,4.1537314994008284e-12,6.519825525768183e-10
1.8027186908565127e-17,1087,1147.2459952161889,-5.6398561889126688e-09,-2.3379765199861063e-20,0,3.3387559864494248e-18,42.985013619095149,178.28476499764349,178.28476499764349,1.8473145539954407e-25,0.00045795456325746335,0.00045795456325746335,0,0,1.4688430737384246e-17,179,179,0,-0.00016807658646812972,0.016212767346488292,1.5268706538585926e-07,4.2446482564935289e-12,6.5622720083331183e-10
1.8003415337345739e-17,1093,1110.8021186355729,-5.6801673348538157e-09,-2.3771571219388776e-20,0,3.2704562059272339e-18,39.202672599463234,178.28476499764349,178.28476499764349,-2.5820174221719739e-23,0.06396148507286907,-0.06396148507286907,0,0,1.4732984951592727e-17,180,180,0,-0.00016820131542377796,0.014219555888180409,-1.2178461198355459e-07,4.2943878661044329e-12,6.6052158869941623e-10
1.7979043406163719e-17,1099,1144.3026896610418,-5.6529805038980107e-09,-2.4371931182019359e-20,0,3.2041021137173802e-18,36.012883241123788,178.28476499764349,178.28476499764349,-1.3599932803740217e-23,0.033398007863777258,-0.033398007863777258,0,0,1.4774954892379142e-17,181,181,0,-0.00016966996029636823,0.012121422952169218,-6.1194534141907448e-07,4.4033807610835019e-12,6.649249694604997e-10
1.7954601258839348e-17,1105,1084.3184758985919,-5.5483516534914383e-09,-2.4442147324372221e-20,0,3.1568527307050008e-18,35.348988246910082,178.28476499764349,178.28476499764349,2.0149807831621757e-23,0.048904696803791989,0.048904696803791989,0,0,1.4797728378326515e-17,182,182,0,-0.0001716758064539948,0.010011936070902634,-5.8931060098715531e-07,4.4758904813170439e-12,6.6940085994181673e-10
1.7931277849720569e-17,1111,1024.9771714591716,-5.3700195983435037e-09,-2.3323409118777982e-20,0,3.1345039559277022e-18,35.136002982121077,178.28476499764349,178.28476499764349,2.312126211668151e-23,0.055990585142401933,0.055990585142401933,0,0,1.4796750772530749e-17,183,183,0,-0.00017206212778071253,0.0080519904948189655,-4.4790723821856471e-07,4.3716111101388429e-12,6.7377247105195555e-10
1.7909446130589893e-17,1117,976.34437303864797,-5.169218292768079e-09,-2.1831719130675054e-20,0,3.1229516143392915e-18,33.321494196981192,178.28476499764349,178.28476499764349,-7.4913722437144661e-24,0.01826989227722255,-0.01826989227722255,0,0,1.4786502007622846e-17,184,184,0,-0.00017084967191837729,0.0063163441790061968,-8.695741767540312e-07,4.2322293548245936e-12,6.7800470040678011e-10
1.7888276198462942e-17,1123,1006.5858543113977,-5.0130673968444813e-09,-2.1169932126951094e-20,0,3.1049767219487027e-18,31.64087363636661,178.28476499764349,178.28476499764349,-2.718506461110143e-23,0.06659869774617283,-0.06659869774617283,0,0,1.4783326661578852e-17,185,185,0,-0.00017008005618662263,0.0047919871037937064,-1.8820428190231178e-06,4.2551481132220772e-12,6.8225984852000218e-10
1.7867761072458592e-17,1129,990.54811553503578,-4.9168494799290641e-09,-2.0515126004351008e-20,0,3.0803301914582143e-18,32.924702123907153,178.28476499764349,178.28476499764349,-8.2396749970165083e-24,0.02006647401279699,-0.02006647401279699,0,0,1.4787439120675374e-17,186,186,0,-0.00017109123970832055,0.003541448158805565,-3.0566117175655141e-06,4.2253872630331862e-12,6.8648523578303537e-10
1.7847007617293419e-17,1135,1014.2753039662058,-4.8676049822611109e-09,-2.0753455165173035e-20,0,3.0567806968357781e-18,35.611093800979965,178.28476499764349,178.28476499764349,2.3317759363799015e-23,0.056249011524341454,0.056249011524341454,0,0,1.4790203602698277e-17,187,187,0,-0.00017272717875309288,0.0025525301809328593,-4.1489516729640552e-06,4.34951790783089e-12,6.9083475369086629e-10
1.7825933851771593e-17,1141,1057.7713840504227,-4.8183365191442179e-09,-2.1073765521827424e-20,0,3.0476622008070237e-18,36.377430930159946,178.28476499764349,178.28476499764349,1.9591092123353888e-23,0.047231713200581102,0.047231713200581102,0,0,1.4778252059872444e-17,188,188,0,-0.00017282784168192806,0.0018561092270014574,-5.1120002604473605e-06,4.4680757581802299e-12,6.9530282944904649e-10
1.7805900268625213e-17,1147,937.01876348534245,-4.7197603860941567e-09,-2.0033583146377634e-20,0,3.0573400808612438e-18,35.90055681170314,178.28476499764349,178.28476499764349,-1.3314066804505441e-23,0.032324367379284916,-0.032324367379284916,0,0,1.4748573501830772e-17,189,189,0,-0.0001716206158071539,0.0014785007173436838,-5.878196912254207e-06,4.2940814267720626e-12,6.9959691087581855e-10
1.7786605186255569e-17,1153,911.8037416802697,-4.622736541869448e-09,-1.9295082369645782e-20,0,3.0692145109012154e-18,36.701601692275389,178.28476499764349,178.28476499764349,-2.6788259853121796e-23,0.065151282858335921,-0.065151282858335921,0,0,1.4717417463614205e-17,190,190,0,-0.00017132087733517712,0.0013677953848516655,-6.4257185105006767e-06,4.2213528237717814e-12,7.0381826369959037e-10
1.7767556953293769e-17,1159,924.40642052107046,-4.5700217766244144e-09,-1.9048232961798295e-20,0,3.0709942856572627e-18,38.049871498620121,178.28476499764349,178.28476499764349,-2.316454354590996e-24,0.0055864081509322504,-0.0055864081509322504,0,0,1.469656498409086e-17,191,191,0,-0.00017277457864436942,0.0014986076931766872,-6.7340795121491674e-06,4.236626580510102e-12,7.0805489028010043e-10
1.7748438958218329e-17,1165,940.40149514078951,-4.544237650170025e-09,-1.911799507543831e-20,0,3.0660528134159012e-18,37.59190511041038,178.28476499764349,178.28476499764349,2.6071212699756435e-23,0.062324401438609969,0.062324401438609969,0,0,1.468236007358973e-17,192,192,0,-0.00017429778771746283,0.0018591487031809062,-6.7964664864993546e-06,4.2919873233253024e-12,7.1234687760342572e-10
1.7729062561692685e-17,1171,978.07103440182732,-4.5161470040593056e-09,-1.9376396525646295e-20,0,3.0627167993955677e-18,35.916126504533523,178.28476499764349,178.28476499764349,1.594032942155728e-23,0.038183860975643975,0.038183860975643975,0,0,1.4666329821967693e-17,193,193,0,-0.00017394270133888349,0.002446089903576777,-6.6765862885419062e-06,4.378713262302456e-12,7.1672559086572823e-10
1.7710264514842412e-17,1177,974.13225911331892,-4.4402940483586444e-09,-1.8798046850273368e-20,0,3.0666269740127395e-18,36.068068594618339,178.28476499764349,178.28476499764349,-1.7395834362126529e-23,0.042020638322013332,-0.042020638322013332,0,0,1.4643654936664035e-17,194,194,0,-0.00017249296076863384,0.0032180095922278097,-6.5382619624272777e-06,4.288200332313147e-12,7.2101379119804136e-10
1.7692139564980038e-17,1183,947.14316801285304,-4.3792814809882994e-09,-1.8124949862371672e-20,0,3.0630266079380866e-18,37.9384236677244,178.28476499764349,178.28476499764349,-2.5598893456270215e-23,0.06191533216212363,-0.06191533216212363,0,0,1.4629138555935408e-17,195,195,0,-0.00017227082911953952,0.0041440416426074215,-6.4606130936118216e-06,4.1958157507799794e-12,7.2520960694882131e-10
1.7673786052560178e-17,1189,875.73105500582574,-4.3696639880428048e-09,-1.8353512419859776e-20,0,3.0387489630168093e-18,39.179607655783137,178.28476499764349,178.28476499764349,2.8143277828786386e-24,0.0067466733039245903,0.0067466733039245903,0,0,1.4635034275215588e-17,196,196,0,-0.00017380959820858824,0.0052441840706360342,-6.2534864282223502e-06,4.2935158119652193e-12,7.2950312276078649e-10
1.7655043198780763e-17,1195,870.23669736526688,-4.4298779502518076e-09,-1.8742853779417118e-20,0,2.9890627013903577e-18,39.019590384639088,178.28476499764349,178.28476499764349,2.7669039855573018e-23,0.065816979332138287,0.065816979332138287,0,0,1.4665952828350549e-17,197,197,0,-0.00017516401882116994,0.0064935859849926565,-5.6288581681865373e-06,4.3623660508331274e-12,7.3386548881161964e-10
1.7635523799090673e-17,1201,842.6711200176394,-4.4762992029827712e-09,-1.9519399690091373e-20,0,2.9277909419270104e-18,37.923800142042623,178.28476499764349,178.28476499764349,1.0106890312478326e-23,0.024114293252506108,0.024114293252506108,0,0,1.4707722750273348e-17,198,198,0,-0.0001746351946858534,0.0078844551551139688,-4.6586160011921313e-06,4.4894194743476847e-12,7.383549082859673e-10
1.7615996407120163e-17,1207,923.91774772678502,-4.4600356613776986e-09,-1.9527391970508819e-20,0,2.8700303424249905e-18,36.152234715095062,178.28476499764349,178.28476499764349,-2.3020918679469384e-23,0.055260365474661177,-0.055260365474661177,0,0,1.474598908561385e-17,199,199,0,-0.00017357918948578339,0.0093492461888369047,-3.8018895201928779e-06,4.4731757342812998e-12,7.4282808402024857e-10
1.7596725850355004e-17,1213,886.38650017773455,-4.3818343074263399e-09,-1.9270556765158193e-20,0,2.8242091285650161e-18,34.995501015442414,178.28476499764349,178.28476499764349,-2.0354697879740635e-23,0.04862942411103148,-0.04862942411103148,0,0,1.477253707648787e-17,200,200,0,-0.00017440313702239967,0.010869749657536126,-3.019228588006275e-06,4.457844550474904e-12,7.4728592857072349e-10
1.7577954963490345e-17,1219,876.21473469726232,-4.2653794939817985e-09,-1.8770886864660425e-20,0,2.7921711136515311e-18,35.333775800239572,178.28476499764349,178.28476499764349,1.4095211203057695e-23,0.033225862768935618,0.033225862768935618,0,0,1.478576975462761e-17,201,201,0,-0.0001767600350601909,0.012437475535865491,-1.6738533953705581e-06,4.4458715899340767e-12,7.5173180016065761e-10
1.7559549032203825e-17,1225,820.56405246668646,-4.1713216069530649e-09,-1.8405931286518924e-20,0,2.7651027324369016e-18,34.665576924939607,178.28476499764349,178.28476499764349,2.719392623907355e-23,0.063617148117000921,0.063617148117000921,0,0,1.4794419105840685e-17,202,202,0,-0.00017810925096443234,0.014063841857859605,3.5973598677209035e-07,4.4729259944540021e-12,7.562047261551116e-10
1.7541605212263702e-17,1231,797.41326173004677,-4.0744333794728396e-09,-1.7943819940121964e-20,0,2.7419744686599343e-18,31.056884309422117,178.28476499764349,178.28476499764349,-2.1163105712668948e-24,0.0049666387155934064,-0.0049666387155934064,0,0,1.479963285991434e-17,203,203,0,-0.00017754383232917325,0.015728583158940872,2.0656802928124427e-06,4.4594313191554937e-12,7.6066415747426713e-10
1.7523990545018387e-17,1237,805.97003671194148,-4.0240070883070699e-09,-1.7614667245317715e-20,0,2.7121261170363884e-18,28.175998262387456,178.28476499764349,178.28476499764349,-2.7997116999682247e-23,0.065861147660127753,-0.065861147660127753,0,0,1.4811892425098996e-17,204,204,0,-0.00017712210963488867,0.017432004811174975,2.5951547212935356e-06,4.4659042773255838e-12,7.6513006175159267e-10
1.7507064934868419e-17,1243,771.80485005228729,-4.0381812556329529e-09,-1.6925610149965769e-20,0,2.6762945343613406e-18,28.12672518222254,178.28476499764349,178.28476499764349,-1.1808355375169407e-23,0.027564916870819977,-0.027564916870819977,0,0,1.4830782208862455e-17,205,205,0,-0.00017849312211040718,0.019087864034167016,2.5677633995469356e-06,4.2884223119153058e-12,7.6941848406350798e-10
1.7489819603957692e-17,1249,845.12520261566738,-4.0978574830536589e-09,-1.7245330910728682e-20,0,2.6438254725827483e-18,30.382912544628415,178.28476499764349,178.28476499764349,2.2230179469798202e-23,0.051303228228665468,0.051303228228665468,0,0,1.4845971901195471e-17,206,206,0,-0.00018054565178231958,0.020758326146061146,3.1289219124809035e-06,4.3303982739520801e-12,7.7374888233746002e-10
1.7472288315596675e-17,1255,898.80329176125906,-4.1243047632900121e-09,-1.7531288361017185e-20,0,2.6355738939090124e-18,30.89465896940029,178.28476499764349,178.28476499764349,2.3603168746813663e-23,0.054282613094413137,0.054282613094413137,0,0,1.4836690818518916e-17,207,207,0,-0.00018117502242204114,0.022400862979242424,4.1144790588088167e-06,4.3419399205678386e-12,7.780908222580279e-10
1.7454208430936676e-17,1261,856.41803861877293,-4.0366746882393368e-09,-1.8079884659997667e-20,0,2.6660562073882671e-18,30.303463128915009,178.28476499764349,178.28476499764349,-1.1578489469822851e-23,0.026747765870517005,-0.026747765870517005,0,0,1.4788163802037878e-17,208,208,0,-0.00018036536717795147,0.024038074484977738,4.0683390567071665e-06,4.5294733183194187e-12,7.826202955763473e-10
1.743695286741045e-17,1267,907.70389842017028,-3.8749423426741921e-09,-1.7255563526224639e-20,0,2.7235280720564279e-18,31.687675511018849,178.28476499764349,178.28476499764349,-2.8333434039472768e-23,0.06544658091200023,-0.06544658091200023,0,0,1.4713453128788064e-17,209,209,0,-0.00018038524475898904,0.025526750274571269,2.4928186508844767e-06,4.4564900633736297e-12,7.8707678563972089e-10
1.7420266604326073e-17,1273,923.41822679292977,-3.6857047169571612e-09,-1.6686263084377036e-20,0,2.7939090956453342e-18,35.169949362980496,178.28476499764349,178.28476499764349,-5.4751390751484361e-25,0.0012517149386380598,-0.0012517149386380598,0,0,1.4626358056194648e-17,210,210,0,-0.00018225459148557546,0.026866100787117396,1.0891181589835803e-06,4.5275614974385082e-12,7.9160434713715941e-10
1.7404199741328508e-17,1279,788.89565511087221,-3.5244785296419636e-09,-1.6066862997567282e-20,0,2.8614370224901857e-18,37.896345920205739,178.28476499764349,178.28476499764349,2.8790808523614841e-23,0.065172448617110842,0.065172448617110842,0,0,1.4542733928029798e-17,211,211,0,-0.00018406812192454003,0.027999867605652946,1.4120995709251202e-06,4.5824842540758142e-12,7.9618683139123524e-10
1.7388415111880678e-17,1285,842.55640674315157,-3.3872017856010758e-09,-1.5784629447829803e-20,0,2.9164284661629879e-18,38.982802628603757,178.28476499764349,178.28476499764349,1.0214555240786261e-23,0.023151146214018127,0.023151146214018127,0,0,1.4471976431162449e-17,212,212,0,-0.00018383818426597864,0.028897049068747016,2.2930242065613006e-06,4.7193646357129551e-12,8.0090619602694823e-10
1.7373441504273726e-17,1291,928.75780175405259,-3.3218469420060851e-09,-1.4973607606951214e-20,0,2.9399736252821947e-18,39.720493853875816,178.28476499764349,178.28476499764349,-2.5097591235073251e-23,0.057210640448209227,-0.057210640448209227,0,0,1.4433492976582764e-17,213,213,0,-0.00018278644670569649,0.029487169440978723,1.6489398997883929e-06,4.6032961909590187e-12,8.0550949221790722e-10
1.73587744183565e-17,1297,864.76563302331647,-3.3230850518267899e-09,-1.4667085917225244e-20,0,2.9316684612162363e-18,40.067744037256901,178.28476499764349,178.28476499764349,-1.9714813467602221e-23,0.044848125602514943,-0.044848125602514943,0,0,1.4427125671953732e-17,214,214,0,-0.00018316274094279546,0.029783084344511455,2.2158254667679407e-07,4.5409547954227604e-12,8.1005044701333003e-10
1.7343673366046492e-17,1303,840.67833093512081,-3.3855485231196205e-09,-1.5101052310007567e-20,0,2.8969697360918705e-18,39.095364406068747,178.28476499764349,178.28476499764349,1.8095190945721215e-23,0.040851422258079736,0.040851422258079736,0,0,1.4446685534763675e-17,215,215,0,-0.00018456304523304106,0.029793369032793636,2.1497719468835082e-07,4.6389896682850831e-12,8.1468943668161514e-10
1.7328112003883577e-17,1309,812.38952801660844,-3.4632332720150175e-09,-1.5561362162917187e-20,0,2.8477785220104173e-18,37.796171324973542,178.28476499764349,178.28476499764349,2.5927182082044659e-23,0.058506992871951144,0.058506992871951144,0,0,1.4480307554691076e-17,216,216,0,-0.00018464446733451137,0.029515003777910588,1.5809726636391982e-06,4.6706813054748847e-12,8.1936011798709007e-10
1.7312680505250834e-17,1315,901.623420870774,-3.5010208781342004e-09,-1.5431498632741953e-20,0,2.796847347593494e-18,37.110778209253532,178.28476499764349,178.28476499764349,-8.5166543300045012e-24,0.019374125423505376,-0.019374125423505376,0,0,1.4515841674311671e-17,217,217,0,-0.00018316212439344575,0.028983462485275693,1.7681050589813823e-06,4.5352263789280208e-12,8.2389534436601813e-10
1.7297167291280769e-17,1321,1007.0896318242368,-3.4924930231205856e-09,-1.5513213970066566e-20,0,2.7477840374145305e-18,35.804469016644376,178.28476499764349,178.28476499764349,-2.9018326817770195e-23,0.066319337910423867,-0.066319337910423867,0,0,1.4549412272193054e-17,218,218,0,-0.00018231438805583556,0.02821305123651768,-7.8461044044155038e-08,4.5351176528354576e-12,8.2843046201885359e-10
1.7281687692944224e-17,1327,1007.8352621108861,-3.4488820895600973e-09,-1.5479598336545433e-20,0,2.7050603154882434e-18,33.878339693364602,178.28476499764349,178.28476499764349,-2.9638758039899984e-24,0.0067373650838169251,-0.0067373650838169251,0,0,1.4576630341331782e-17,219,219,0,-0.00018329840171922931,0.027209197568396133,-2.1001377404470866e-06,4.5668810171088943e-12,8.3299734303596249e-10
1.7266354830369352e-17,1333,890.95698945464687,-3.3931548358379457e-09,-1.5332862574870239e-20,0,2.6721961294632722e-18,33.320658288746344,178.28476499764349,178.28476499764349,2.8278073638343182e-23,0.0638562635827023,0.0638562635827023,0,0,1.4594130422832443e-17,220,220,0,-0.00018451644398797615,0.025980608897006301,-2.7274499893474058e-06,4.5889679186917987e-12,8.3758631095465432e-10
1.7251188984495118e-17,1339,929.82343700223066,-3.3001760033153006e-09,-1.5165845874235042e-20,0,2.6543212811627304e-18,33.927441590310792,178.28476499764349,178.28476499764349,1.3013281828699079e-23,0.029447313109590385,0.029447313109590385,0,0,1.4596854690050559e-17,221,221,0,-0.00018413227521915919,0.024523250693731926,-3.1125910915309957e-06,4.6451410037014082e-12,8.4223145195835573e-10
1.7236304234639742e-17,1345,858.53247417065393,-3.1859808262634146e-09,-1.4884749855373258e-20,0,2.6450268937086321e-18,33.873291443289176,178.28476499764349,178.28476499764349,-2.4060871986982601e-23,0.054763080782347803,-0.054763080782347803,0,0,1.4591301401803099e-17,222,222,0,-0.00018306792066268623,0.022840704580228452,-4.9852796554724563e-06,4.7193775228576525e-12,8.4695082948121334e-10
1.722192982896006e-17,1351,795.47098331020936,-3.1077486190064715e-09,-1.4374405679681831e-20,0,2.6316411636216189e-18,33.857068553247764,178.28476499764349,178.28476499764349,-2.0146748872516826e-23,0.045732990741646787,-0.045732990741646787,0,0,1.4590308812087316e-17,223,223,0,-0.00018355411620255561,0.020983034279654363,-7.5264561359864127e-06,4.7061982254902678e-12,8.5165702770670362e-10
1.7207681404214506e-17,1357,882.57640760690811,-3.1048723204823016e-09,-1.4248424745556119e-20,0,2.6096473336968902e-18,35.17757075491604,178.28476499764349,178.28476499764349,1.8361697051643654e-23,0.041286934139748772,0.041286934139748772,0,0,1.4598015708820563e-17,224,224,0,-0.00018530576959180646,0.018962840060569818,-8.7622510620191646e-06,4.7266170274065073e-12,8.5638364473411013e-10
1.7193012232008865e-17,1363,838.99973142775377,-3.1312750308599427e-09,-1.466917220564165e-20,0,2.5888316524522834e-18,36.395370022779886,178.28476499764349,178.28476499764349,2.5172258353586736e-23,0.056387826325040351,0.056387826325040351,0,0,1.4604155407298229e-17,225,225,0,-0.00018600541400904457,0.016761561975459228,-8.6556123055523043e-06,4.8519888306024821e-12,8.6123563356471261e-10
1.7178551245909268e-17,1369,828.01647133784911,-3.1438888771056681e-09,-1.4460986099594878e-20,0,2.576390432718731e-18,35.836866464114848,178.28476499764349,178.28476499764349,-1.201871386286342e-23,0.027022067713089005,-0.027022067713089005,0,0,1.46021728319044e-17,226,226,0,-0.00018532251106872534,0.014531797349056312,-8.7157297242073097e-06,4.7329214311425681e-12,8.6596855499585514e-10
1.7164507079843108e-17,1375,772.02083629800279,-3.1246116870183397e-09,-1.4044166066160606e-20,0,2.5745706568092507e-18,34.830536073478818,178.28476499764349,178.28476499764349,-2.8890843503650004e-23,0.064858765183068268,-0.064858765183068268,0,0,1.4589965313877361e-17,227,227,0,-0.00018560099665597082,0.012339276507689644,-9.160582457594902e-06,4.5833527301220326e-12,8.7055190772597719e-10
1.7150438427331309e-17,1381,853.65597053256806,-3.1029662966007593e-09,-1.406865251179836e-20,0,2.5811101459963226e-18,35.577927502060639,178.28476499764349,178.28476499764349,1.652416289600683e-24,0.0036659304803798617,0.0036659304803798617,0,0,1.4569326628918698e-17,228,228,0,-0.00018781228695376466,0.010143953613435171,-9.0106264597812821e-06,4.630690656130712e-12,8.751825983821079e-10
1.713633009753024e-17,1387,895.16447339057095,-3.091434046035428e-09,-1.4108329801070709e-20,0,2.595014242916588e-18,37.386842460430842,178.28476499764349,178.28476499764349,3.0199075487330277e-23,0.066216402511349581,0.066216402511349581,0,0,1.4541285655538162e-17,229,229,0,-0.00019002766146298809,0.008017170580382085,-7.9379495333761587e-06,4.6688773498487421e-12,8.7985147573195669e-10
1.7122181236100268e-17,1393,927.66638821720278,-3.0576485544884781e-09,-1.4148861429971696e-20,0,2.6184979247148586e-18,37.464321743891915,178.28476499764349,178.28476499764349,7.7235299083397367e-24,0.016900814969615558,0.016900814969615558,0,0,1.45036755878555e-17,230,230,0,-0.00019041315271444619,0.0060369586965064378,-6.6206234574372863e-06,4.7144919524276951e-12,8.845659676843844e-10
1.7108488982690689e-17,1399,899.73878291641938,-2.966790031268827e-09,-1.3692253409576539e-20,0,2.6524932611183506e-18,35.812345133666255,178.28476499764349,178.28476499764349,-2.7717937583728006e-23,0.060672496108881847,-0.060672496108881847,0,0,1.4456023439509925e-17,231,231,0,-0.00019035215955442129,0.0043259944710276896,-5.5104178717515604e-06,4.6493299324039175e-12,8.8921529761678833e-10
1.7095250552746068e-17,1405,844.70805818765371,-2.8380673812866627e-09,-1.32384299446235e-20,0,2.6941330257782917e-18,35.448625604089067,178.28476499764349,178.28476499764349,-1.6994349395991584e-23,0.036847339877642181,-0.036847339877642181,0,0,1.4401134521317171e-17,232,232,0,-0.00019217069504907355,0.0029135598805465107,-4.3717396015817939e-06,4.6741598769735252e-12,8.9388945749376183e-10
1.7082616413236348e-17,1411,814.75284682900428,-2.7136756491979152e-09,-1.2634139509720214e-20,0,2.7366885488000146e-18,37.089855196656529,178.28476499764349,178.28476499764349,2.2898304814062473e-23,0.048877799259641433,0.048877799259641433,0,0,1.434590496613152e-17,233,233,0,-0.00019520028486776786,0.0018598782090859286,-3.0817310781337922e-06,4.6760971547833716e-12,8.9856555464854521e-10
1.7070254059897541e-17,1417,807.53973121123295,-2.6346187565042628e-09,-1.2362353338806003e-20,0,2.7699936698284054e-18,37.912173128962131,178.28476499764349,178.28476499764349,2.4263646736086146e-23,0.051362723285262979,0.051362723285262979,0,0,1.43002361264224e-17,234,234,0,-0.0001968324917382716,0.0011944941288324585,-1.7694795364452148e-06,4.7642475907991136e-12,9.0332980223934435e-10
1.7058170363745249e-17,1423,837.22847346109666,-2.5943321341421762e-09,-1.2083696152292674e-20,0,2.7872314502138613e-18,36.498859408152107,178.28476499764349,178.28476499764349,-1.6599380701760028e-23,0.035123161972714159,-0.035123161972714159,0,0,1.4270955512912091e-17,235,235,0,-0.00019691873502469622,0.00096769586583761577,-5.5987404532102422e-07,4.7620559702596421e-12,9.0809185820960399e-10
1.7046307343128144e-17,1429,811.12905568843541,-2.5925884753017501e-09,-1.186302061710473e-20,0,2.7857912821425292e-18,34.827534804401445,178.28476499764349,178.28476499764349,-2.9134531406772138e-23,0.061241175084313211,-0.061241175084313211,0,0,1.4260545195517022e-17,236,236,0,-0.00019822265117284222,0.0011887087297330146,5.0497499932567737e-07,4.7058871031536404e-12,9.1279774531275759e-10
1.7034521405330597e-17,1435,830.11835484430696,-2.620774482622916e-09,-1.178593779754635e-20,0,2.7712141619919999e-18,35.249163851700175,178.28476499764349,178.28476499764349,7.4095163782320529e-24,0.015323469288978389,0.015323469288978389,0,0,1.426329983382222e-17,237,237,0,-0.00020147516418826146,0.0018360736387688543,1.3922800853968147e-06,4.6386868512774376e-12,9.1743643216403498e-10
1.7022457040671959e-17,1441,817.52787263713333,-2.6530072411482291e-09,-1.2064364658639296e-20,0,2.7521643096819967e-18,36.989021052445757,178.28476499764349,178.28476499764349,3.2542052412432639e-23,0.06640930838806143,0.06640930838806143,0,0,1.427026018893755e-17,238,238,0,-0.0002041760234264626,0.0028972132517320133,2.1837251553360678e-06,4.6906959292041122e-12,9.2212712809323912e-10
1.7009983552650619e-17,1447,711.02665495831957,-2.652177293714579e-09,-1.2473488021340253e-20,0,2.7348298110121075e-18,37.630616672826925,178.28476499764349,178.28476499764349,1.2694758864482946e-24,0.002585265367961494,0.002585265367961494,0,0,1.4275152472162623e-17,239,239,0,-0.00020460115722559081,0.004358834338717847,2.833118533312239e-06,4.8274670464972441e-12,9.2695459513973633e-10
1.6997836691095421e-17,1453,739.49294397888184,-2.6147788961098701e-09,-1.2146861555197004e-20,0,2.7190177648683211e-18,37.164588024612456,178.28476499764349,178.28476499764349,-3.219475872925725e-23,0.065488664758003454,-0.065488664758003454,0,0,1.4278851120985831e-17,240,240,0,-0.00020483671263457897,0.0060750548914905609,3.0252192875615643e-06,4.7300211464159164e-12,9.3168461628615234e-10
1.6986100162038565e-17,1459,742.18763224589031,-2.5848122214652577e-09,-1.1736529056855142e-20,0,2.7007965847698986e-18,37.47072034357447,178.28476499764349,178.28476499764349,-1.1667376601769858e-23,0.023476702248137332,-0.023476702248137332,0,0,1.4285315244645269e-17,241,241,0,-0.00020707367099607053,0.007937259638158136,2.8782114950689355e-06,4.620944075195351e-12,9.3630556036134777e-10
1.6974646953433321e-17,1465,840.85545387999673,-2.5640538423884089e-09,-1.1453208605246377e-20,0,2.6826315774755933e-18,38.201791765445414,178.28476499764349,178.28476499764349,2.8416611329307378e-23,0.056425887919834342,0.056425887919834342,0,0,1.4291986959346398e-17,242,242,0,-0.00020983727783540574,0.0098659120707558848,2.9482657912070558e-06,4.5457031524542103e-12,9.4085126351380197e-10
1.6963333546638345e-17,1471,892.28149969205981,-2.5328502154697123e-09,-1.1313406794975889e-20,0,2.6651527496212715e-18,37.57929435836202,178.28476499764349,178.28476499764349,2.3323466890063987e-23,0.046138775994848696,0.046138775994848696,0,0,1.4298157473550182e-17,243,243,0,-0.00021062785032007533,0.011809427479512656,3.2479096871470394e-06,4.5278642030271814e-12,9.4537912771682925e-10
1.6951966451265041e-17,1477,910.70950494400347,-2.4648459090046395e-09,-1.1367095373303031e-20,0,2.6427103292635406e-18,35.719219870606096,178.28476499764349,178.28476499764349,-1.9968126756312286e-23,0.039656828551633314,-0.039656828551633314,0,0,1.4309276090128256e-17,244,244,0,-0.00020980126548187186,0.013764316999050487,3.0278492015761854e-06,4.6523214655439586e-12,9.5003144918237324e-10
1.6940715210080363e-17,1483,812.5348392826894,-2.3968762970603632e-09,-1.1251241184677995e-20,0,2.6013215799214432e-18,34.793796350745957,178.28476499764349,178.28476499764349,-2.9454849061021465e-23,0.058413217482899973,-0.058413217482899973,0,0,1.433942308500798e-17,245,245,0,-0.00021010405357346871,0.015664173723405388,2.1137402968578926e-06,4.7550797699937291e-12,9.5478652895236688e-10
1.692925605882881e-17,1489,778.67460851431917,-2.378166445611318e-09,-1.1459151251552052e-20,0,2.5316219257074786e-18,35.208814481437614,178.28476499764349,178.28476499764349,1.4027787630448228e-23,0.027547502012255917,0.027547502012255917,0,0,1.4397620105333701e-17,246,246,0,-0.00021217573593741904,0.017495841550868644,1.7625698359806363e-06,4.960701327300777e-12,9.5974723027966768e-10
1.691790725580909e-17,1495,897.27758080131582,-2.3962190350817471e-09,-1.1348803019720979e-20,0,2.4488290293082081e-18,34.666201234196762,178.28476499764349,178.28476499764349,3.2197522700608826e-23,0.062978108945249758,0.062978108945249758,0,0,1.4469046028978181e-17,247,247,0,-0.00021302059847890401,0.019125118543660505,2.6225063681026588e-06,4.8932233304113727e-12,9.6464045361007906e-10
1.6906620192974743e-17,1501,936.55594970505524,-2.3863963024399363e-09,-1.1287062834345975e-20,0,2.3747126220493894e-18,32.938973826826839,178.28476499764349,178.28476499764349,-7.3963302327118811e-24,0.014563710418000074,-0.014563710418000074,0,0,1.4531914967255588e-17,248,248,0,-0.00021160845520660902,0.02056163806289946,3.087590799694044e-06,4.840497886590686e-12,9.6948095149666972e-10
1.6895489687047005e-17,1507,891.06899874121007,-2.3379913361619269e-09,-1.1130505927738712e-20,0,2.3201318957121579e-18,32.174807414501849,178.28476499764349,178.28476499764349,-3.3467693889464162e-23,0.066209003407959599,-0.066209003407959599,0,0,1.4575391259028737e-17,249,249,0,-0.00021061897530798179,0.021848341429073305,2.0415844816832879e-06,4.8376523979145071e-12,9.7431860389458426e-10
1.688460651231954e-17,1513,783.60632470302994,-2.3044288761289023e-09,-1.0883174727465029e-20,0,2.2856570508747452e-18,32.498672558078276,178.28476499764349,178.28476499764349,-2.7452436377249862e-25,0.00054031154798510491,-0.00054031154798510491,0,0,1.4598949735969158e-17,250,250,0,-0.00021170221513579289,0.02302017244621106,8.3753839323590605e-07,4.82116339802039e-12,9.7913976729260456e-10
1.6873802283617922e-17,1519,819.10179151471482,-2.3120157864842898e-09,-1.0804228701620255e-20,0,2.2717138414830804e-18,32.121820092266944,178.28476499764349,178.28476499764349,3.3730265842522774e-23,0.066058246350425343,0.066058246350425343,0,0,1.4602054711868997e-17,251,251,0,-0.00021275583611207705,0.024108706843120779,7.9938393071674304e-07,4.8113421500507012e-12,9.839511094426553e-10
1.6862864653721562e-17,1525,772.84462633020632,-2.33236989807954e-09,-1.0937629896356661e-20,0,2.2803703950329927e-18,31.142374148811246,178.28476499764349,178.28476499764349,8.1143076022118144e-24,0.015961198522126737,0.015961198522126737,0,0,1.4582486144380967e-17,252,252,0,-0.00021182378605437465,0.025125710188261957,6.1784841726744464e-07,4.8297956521425797e-12,9.8878090509479797e-10
1.6851997006463439e-17,1531,762.76138248247162,-2.3182909232148596e-09,-1.0867647258124279e-20,0,2.3095707130378673e-18,31.090339041894563,178.28476499764349,178.28476499764349,-3.137256008121121e-23,0.062081764452325078,-0.062081764452325078,0,0,1.4542457665985652e-17,253,253,0,-0.00021055941546049901,0.026035447639470709,-1.4419960129399411e-06,4.7821699978325945e-12,9.9356307509263056e-10
1.6841405618579547e-17,1537,667.72783917318179,-2.2766343125934224e-09,-1.0591387883891598e-20,0,2.3476916871114856e-18,32.39821187249224,178.28476499764349,178.28476499764349,-1.6764568716036084e-23,0.033074766304441013,-0.033074766304441013,0,0,1.4493730696036779e-17,254,254,0,-0.0002111953536033972,0.026796403131677197,-4.2234427587894851e-06,4.7137976597804501e-12,9.9827687275241092e-10
1.6831090922065811e-17,1543,619.32247022471381,-2.2157642666262016e-09,-1.0314696513734483e-20,0,2.3850368011384935e-18,34.310310697125516,178.28476499764349,178.28476499764349,2.654245395941053e-23,0.051984522459813297,0.051984522459813297,0,0,1.4446027578473359e-17,255,255,0,-0.00021274324150943508,0.027371986075951923,-5.4378051979868179e-06,4.6923932979021527e-12,1.002969266050313e-09
1.6820889419630584e-17,1549,631.85938519600268,-2.1200704726398286e-09,-1.0201502435229027e-20,0,2.4170166249221702e-18,35.674456095165837,178.28476499764349,178.28476499764349,2.4215998560430973e-23,0.047416973956339342,0.047416973956339342,0,0,1.4403848578709853e-17,256,256,0,-0.00021279298441673628,0.027728181109971335,-5.3131300623931419e-06,4.8204556719319715e-12,1.0077897217222449e-09
1.6811142838810403e-17,1555,632.96591453904364,-1.9832966850009694e-09,-9.7465808201802491e-21,0,2.4379906177321781e-18,35.794913059397807,178.28476499764349,178.28476499764349,-2.1247432283202561e-23,0.041848140327946121,-0.041848140327946121,0,0,1.4373173468510509e-17,257,257,0,-0.00021155293198907437,0.027809620818375302,-6.1486952416289221e-06,4.8796822595493043e-12,1.0126694039817941e-09
1.6802104143847232e-17,1561,655.55629647220383,-1.8589873742818356e-09,-9.0386949631698517e-21,0,2.442476765761218e-18,35.688135547266043,178.28476499764349,178.28476499764349,-2.8445911975871854e-23,0.055986509055929633,-0.055986509055929633,0,0,1.4359655823997991e-17,258,258,0,-0.0002117021318732854,0.027591020861336992,-8.018514622176638e-06,4.8534417589390769e-12,1.0175228457407332e-09
1.6793535666630793e-17,1567,560.48598976344977,-1.7933861289040062e-09,-8.5684772164395621e-21,0,2.4348540343287951e-18,36.282033468062892,178.28476499764349,178.28476499764349,1.5258255039182533e-23,0.029761850381111992,0.029761850381111992,0,0,1.435866637404696e-17,259,259,0,-0.00021361596086651708,0.027067540572278805,-8.4355605830514344e-06,4.8465166111032214e-12,1.0223693623518365e-09
1.678521474501525e-17,1573,608.54196039767942,-1.7760493548006759e-09,-8.3209216155429352e-21,0,2.4262205673601346e-18,36.467540307096677,178.28476499764349,178.28476499764349,3.2342584179440689e-23,0.06273113285149709,0.06273113285149709,0,0,1.4358961835070936e-17,260,260,0,-0.00021482278621267839,0.026252204430172642,-6.8804809023989525e-06,4.808277288038372e-12,1.0271776396398749e-09
1.6776809435744015e-17,1579,660.02483699728043,-1.7874352156605884e-09,-8.4053092712355124e-21,0,2.4193758644112245e-18,35.755592943895998,178.28476499764349,178.28476499764349,-8.1353520758352046e-24,0.015804664803444238,-0.015804664803444238,0,0,1.4357441706684868e-17,261,261,0,-0.00021447655320467118,0.025146219169832514,-5.6831180774114548e-06,4.8667641424979999e-12,1.0320444037823729e-09
1.6768113815661562e-17,1585,593.69040331305246,-1.8443366365632978e-09,-8.6956200824540577e-21,0,2.4084454641349959e-18,35.821619490947114,178.28476499764349,178.28476499764349,-3.3889446632846884e-23,0.065714911978927898,-0.065714911978927898,0,0,1.4359702240973197e-17,262,262,0,-0.00021487668990886151,0.023768007741971835,-5.9256577384737494e-06,4.9556307062399997e-12,1.0370000344886128e-09
1.6758918951224329e-17,1591,626.60309376922498,-1.9703673684299245e-09,-9.1948644372315187e-21,0,2.392779768412114e-18,36.864825710490173,178.28476499764349,178.28476499764349,3.2486313529306546e-24,0.0062262408211194295,0.0062262408211194295,0,0,1.4366135934180864e-17,263,263,0,-0.00021740186991530783,0.022187602534695244,-5.6134852467999648e-06,4.9770550331896105e-12,1.0419770895218024e-09
1.6748939513317861e-17,1597,666.92284052117247,-2.1039093424853969e-09,-9.9794379064707156e-21,0,2.389535317589642e-18,37.333461280345801,178.28476499764349,178.28476499764349,3.5110547402890035e-23,0.066549090074627226,0.066549090074627226,0,0,1.4359369085180814e-17,264,264,0,-0.00021982862177079545,0.020466161099381912,-3.5310411624075658e-06,5.0297903603151195e-12,1.0470068798821175e-09
1.6738418067234215e-17,1603,724.61942251249559,-2.1437636875891397e-09,-1.0521446083643982e-20,0,2.416270590510064e-18,37.851198203661163,178.28476499764349,178.28476499764349,1.3356959235972499e-25,0.00025261996950825567,0.00025261996950825567,0,0,1.4322147343154557e-17,265,265,0,-0.00022030719473550408,0.018686896608243225,-1.4677001839190113e-06,5.0638768908306717e-12,1.0520707567729481e-09
1.672815599466678e-17,1609,713.58941223298257,-2.068215989116712e-09,-1.0262072567435585e-20,0,2.4665299332369327e-18,38.697583077271197,178.28476499764349,178.28476499764349,-3.5201463020631186e-23,0.066433796893160285,-0.066433796893160285,0,0,1.4261661262892868e-17,266,266,0,-0.00022078033989506775,0.016957769900654753,-8.0203726884805901e-07,4.9853752511395192e-12,1.0570561320240876e-09
1.671838575988962e-17,1615,656.6463546193047,-1.975720107250142e-09,-9.7702347771603453e-21,0,2.5138712173241621e-18,38.035300182697036,178.28476499764349,178.28476499764349,-5.138101679244364e-24,0.0095940251076845583,-0.0095940251076845583,0,0,1.4204519680667138e-17,267,267,0,-0.00022314676849972145,0.015307640279595728,-3.4925516905623228e-07,4.9645678437449249e-12,1.0620206998678325e-09
1.6708885272374518e-17,1621,741.8782613661009,-1.9194926715723542e-09,-9.5004875151007277e-21,0,2.5433881687904882e-18,36.201029894781023,178.28476499764349,178.28476499764349,3.5347461052416855e-23,0.065270639225480764,0.065270639225480764,0,0,1.4165461756122977e-17,268,268,0,-0.00022564676777505317,0.013739671602619827,8.7140724679697696e-07,5.0236053855383937e-12,1.0670443052533709e-09
1.6699620424347207e-17,1627,724.25865397664893,-1.8578237167924251e-09,-9.2648480273111053e-21,0,2.5582069621014901e-18,35.408772111483579,178.28476499764349,178.28476499764349,9.0000737370573661e-24,0.016594572658346757,0.016594572658346757,0,0,1.414140446217198e-17,269,269,0,-0.00022597934884980943,0.012283167264253533,1.8527019766785331e-06,5.037414691231887e-12,1.0720817199446028e-09
1.6690591301674889e-17,1633,780.44793782526278,-1.7572482448750712e-09,-9.0291226723190135e-21,0,2.5597860971710808e-18,35.251894589157203,178.28476499764349,178.28476499764349,-3.4816211422489868e-23,0.064237705224892055,-0.064237705224892055,0,0,1.4130840020715229e-17,270,270,0,-0.00022582928061620953,0.010919731893294871,1.5847197580085776e-06,5.157199412890434e-12,1.0772389193574933e-09
1.6682115855223572e-17,1639,740.44186915934915,-1.6908315472011357e-09,-8.4754464513154521e-21,0,2.5378853843007789e-18,34.638662413480965,178.28476499764349,178.28476499764349,-1.0865527434100763e-23,0.019857552758411452,-0.019857552758411452,0,0,1.4144241336450229e-17,271,271,0,-0.00022798897490645449,0.0097113365160399097,8.2512967439754e-07,5.0905519944298917e-12,1.0823294713519231e-09
1.6673803183407342e-17,1645,716.75457390282747,-1.6946146087739281e-09,-8.3126718162303736e-21,0,2.4944540567080922e-18,34.366157896174649,178.28476499764349,178.28476499764349,3.483424079469569e-23,0.062809596355373601,0.062809596355373601,0,0,1.4179314292458455e-17,272,272,0,-0.00023108358976968565,0.0086504136949812228,5.3300100935228934e-07,5.0879079972536823e-12,1.0874173793491768e-09
1.6665589479181011e-17,1651,704.44415556199488,-1.7333236998471729e-09,-8.2137042263312812e-21,0,2.4458423969189999e-18,34.776192013047762,178.28476499764349,178.28476499764349,1.5278639089910891e-23,0.027401625801954894,0.027401625801954894,0,0,1.4219731803622921e-17,273,273,0,-0.00023232561698373406,0.0077688613601000394,3.6551453155899555e-07,4.9266960106629374e-12,1.0923440753598397e-09
1.6657471715892359e-17,1657,623.72549632300581,-1.7471428013591366e-09,-8.1177632886537187e-21,0,2.4097966307241211e-18,35.213946097016901,178.28476499764349,178.28476499764349,-3.1593923227346083e-23,0.056540750517075619,-0.056540750517075619,0,0,1.4247706679091464e-17,274,274,0,-0.00023282560909915716,0.0070540222053065123,-1.954291726683247e-07,4.7679800956642235e-12,1.0971120554555039e-09
1.6649367360030967e-17,1663,590.28722928773789,-1.7268932502737596e-09,-8.1043558613918619e-21,0,2.3959565158790819e-18,35.424464128856023,178.28476499764349,178.28476499764349,-2.3891263174679427e-23,0.042347556624557733,-0.042347556624557733,0,0,1.4253434735415058e-17,275,275,0,-0.00023507124809362306,0.0064763236541491558,-8.2130801847786639e-07,4.7697879434703183e-12,1.1018818433989741e-09
1.6641400162817068e-17,1669,631.6851051209951,-1.6941120989063718e-09,-7.9671972138981593e-21,0,2.4045937088683485e-18,35.646209900573005,178.28476499764349,178.28476499764349,2.5971292695769103e-23,0.045391781146556842,0.045391781146556842,0,0,1.4236780482656023e-17,276,276,0,-0.00023839936841499993,0.0060379505239808061,-9.1791212521955462e-07,4.7711727422894126e-12,1.1066530161412636e-09
1.6633388264612851e-17,1675,640.73519632710088,-1.6808778020200092e-09,-8.011898204218359e-21,0,2.4225993093032804e-18,35.996055381209459,178.28476499764349,178.28476499764349,3.0548194323024123e-23,0.05305187477227942,0.05305187477227942,0,0,1.4210758407115247e-17,277,277,0,-0.00023992393022670099,0.0057420113908013331,-5.1733549831114339e-07,4.8746317827531906e-12,1.1115276479240168e-09
1.6625293179534233e-17,1681,653.53147220363542,-1.6615726882578423e-09,-8.0950850786149905e-21,0,2.4379430751763521e-18,36.155396354534624,178.28476499764349,178.28476499764349,-2.0909118119294515e-23,0.036396532782242849,-0.036396532782242849,0,0,1.4187371013476002e-17,278,278,0,-0.00023936710130687805,0.0056151845808790363,-1.3457869298184959e-07,4.9726912226526361e-12,1.1165003391466694e-09
1.6617464611431138e-17,1687,616.156455593641,-1.6175516019339145e-09,-7.8285681030972378e-21,0,2.445191854868412e-18,36.140813838757367,178.28476499764349,178.28476499764349,-3.394242903110335e-23,0.058963619956788491,-0.058963619956788491,0,0,1.4172306698991757e-17,279,279,0,-0.00023985431649756309,0.0056868528349372487,7.2950231944693469e-08,4.8948890662410146e-12,1.1213952282129103e-09
1.6609987297696593e-17,1693,559.29773521427035,-1.5626074669801261e-09,-7.4773137345446413e-21,0,2.4465160538174722e-18,36.26091828883024,178.28476499764349,178.28476499764349,1.3907060620685481e-23,0.023924692185983247,0.023924692185983247,0,0,1.41634573368185e-17,280,280,0,-0.00024220201233553389,0.0059725463857591759,4.3266994823202974e-07,4.8230766026321135e-12,1.1262183048155425e-09
1.6602885499549258e-17,1699,521.0382363048883,-1.5168092472297302e-09,-7.1017981473345616e-21,0,2.4447890100296957e-18,36.264683082669038,178.28476499764349,178.28476499764349,3.8003863278212214e-23,0.064973496057922672,0.064973496057922672,0,0,1.4158058485656282e-17,281,281,0,-0.0002437138832497721,0.0064801195815577858,9.6081527986362063e-07,4.7247162440953476e-12,1.1309430210596378e-09
1.6595962270803555e-17,1705,527.85423819040614,-1.4694045652685461e-09,-6.923228745703098e-21,0,2.4414546044659738e-18,36.046153530500689,178.28476499764349,178.28476499764349,-3.2418976630423654e-24,0.0055545587624822486,-0.0055545587624822486,0,0,1.4154510908235243e-17,282,282,0,-0.00024318595782229057,0.0072282573820775468,1.1245705428170944e-06,4.7504974827265424e-12,1.1356935185423645e-09
1.6589176537543352e-17,1711,573.31466016997865,-1.4233741182483383e-09,-6.7857332602012466e-21,0,2.4323868438888731e-18,36.044374394861464,178.28476499764349,178.28476499764349,-3.8816435309324656e-23,0.066566039649058412,-0.066566039649058412,0,0,1.4156828510089791e-17,283,283,0,-0.00024296946006539588,0.0082256576403689843,4.7431312569255168e-07,4.8228753697828393e-12,1.1405163939121474e-09
1.6582418529619906e-17,1717,638.84507979504849,-1.4233062993435596e-09,-6.7580079234455924e-21,0,2.4068713891159939e-18,36.056993701375191,178.28476499764349,178.28476499764349,-4.842314203835604e-24,0.0082342130419016564,-0.0082342130419016564,0,0,1.4175551982818116e-17,284,284,0,-0.00024503020604363021,0.0094629700465928678,-5.9602770072409235e-07,4.9059525987501006e-12,1.1454223465108975e-09
1.6575363533724726e-17,1723,607.83800037975209,-1.4951167586161847e-09,-7.0549958951819577e-21,0,2.3583629240130273e-18,35.599886686380913,178.28476499764349,178.28476499764349,3.8802846628121535e-23,0.065417170045193027,0.065417170045193027,0,0,1.4216961806865071e-17,285,285,0,-0.00024714998754218843,0.010911584406572581,-1.3491228309280027e-06,4.9930212647841736e-12,1.1504153677756817e-09
1.6567910724197836e-17,1729,757.6155127742993,-1.570109961499983e-09,-7.4528095268884745e-21,0,2.2987352938961212e-18,35.473907906272849,178.28476499764349,178.28476499764349,1.0031447182974114e-23,0.01694923242698608,0.01694923242698608,0,0,1.4269165398854534e-17,286,286,0,-0.00024660524761687031,0.012487069866837558,-2.0714277775144002e-06,4.981440992931408e-12,1.1553968087686131e-09
1.6560323341065417e-17,1735,851.59267672194994,-1.5694876915763818e-09,-7.5873831324209979e-21,0,2.2455457003169741e-18,35.876378338147632,178.28476499764349,178.28476499764349,-3.6953677264337222e-23,0.062796234811031595,-0.062796234811031595,0,0,1.4314814594425708e-17,287,287,0,-0.00024519568049167904,0.014107256387485062,-3.5776885148395618e-06,4.9352390666767109e-12,1.1603320478352897e-09
1.6552878350464734e-17,1741,833.94661149995943,-1.5260442655369224e-09,-7.4449906006818602e-21,0,2.2015381285192359e-18,35.517095101384072,178.28476499764349,178.28476499764349,-1.6125446879821915e-23,0.027340201100918424,-0.027340201100918424,0,0,1.4351356347392377e-17,288,288,0,-0.00024575299117669466,0.015719237308966887,-5.2676638283379967e-06,4.9320485329923856e-12,1.1652640963682822e-09
1.6545610760981088e-17,1747,796.40925054499462,-1.5068852619415192e-09,-7.2675894836476534e-21,0,2.1643008891984566e-18,34.82136365659585,178.28476499764349,178.28476499764349,3.4497898830353936e-23,0.058160283947026499,0.058160283947026499,0,0,1.4381275373883801e-17,289,289,0,-0.00024714673892826776,0.017263630634788394,-5.6925951639481778e-06,4.9233488465316456e-12,1.1701874452148138e-09
1.6538465294964567e-17,1753,807.18893986101625,-1.4973793205268495e-09,-7.1454660165208635e-21,0,2.1392696937224022e-18,35.230657443591696,178.28476499764349,178.28476499764349,2.2637666618618439e-23,0.038238561378887981,0.038238561378887981,0,0,1.4399172963575545e-17,290,290,0,-0.00024667144241206657,0.018683905180592427,-5.1522023986003719e-06,4.8681541115970196e-12,1.1750555993264108e-09
1.6531526243554627e-17,1759,767.77081322104004,-1.4612107842511795e-09,-6.9390514099374415e-21,0,2.1291036305952791e-18,35.669416343329864,178.28476499764349,178.28476499764349,-2.9005976626739425e-23,0.049305450327428675,-0.049305450327428675,0,0,1.4402451618935975e-17,291,291,0,-0.00024512145237931982,0.019951847774785886,-5.2589672761371366e-06,4.7914601307134091e-12,1.1798470594571242e-09
1.6524761221392878e-17,1765,732.02503427429042,-1.420256389716632e-09,-6.7650221617509822e-21,0,2.1283072311774495e-18,34.980787581283145,178.28476499764349,178.28476499764349,-2.9622380889707761e-23,0.050338152069392482,-0.050338152069392482,0,0,1.4396483612596317e-17,292,292,0,-0.00024519491075134528,0.021080063846201969,-5.9395617429070022e-06,4.8117351693965774e-12,1.1846587946265207e-09
1.6518000862311264e-17,1771,765.104080554029,-1.4029911911521524e-09,-6.760359081614815e-21,0,2.1355605340912157e-18,34.319309602242299,178.28476499764349,178.28476499764349,2.3133589191202026e-23,0.039058323978394795,0.039058323978394795,0,0,1.4382417194630857e-17,293,293,0,-0.00024678466750562814,0.022074302757501427,-5.381154207332744e-06,4.9190522456432323e-12,1.189577846872164e-09
1.6511219887806013e-17,1777,740.27802772743792,-1.3843288183197261e-09,-6.7809745052511262e-21,0,2.1572116051446833e-18,34.673663426284328,178.28476499764349,178.28476499764349,3.3435724463009844e-23,0.056413860620327577,0.056413860620327577,0,0,1.4353974846936866e-17,294,294,0,-0.00024695264082967615,0.022914963567570903,-3.3163571836337237e-06,4.9886830683672364e-12,1.1945665299405313e-09
1.6504652701702419e-17,1783,678.54723901474347,-1.3227475021155136e-09,-6.567186103591705e-21,0,2.1942277018895572e-18,35.076048617080929,178.28476499764349,178.28476499764349,-1.8406126262866264e-23,0.031271625486582397,-0.031271625486582397,0,0,1.4310443405939125e-17,295,295,0,-0.00024524530326977681,0.023583929770363148,-1.9982140105507065e-06,4.9707321380521784e-12,1.1995372620785835e-09
1.6498613942711382e-17,1789,704.68461121922212,-1.2554916562542641e-09,-6.038758991036173e-21,0,2.2326855350528678e-18,34.58943451915755,178.28476499764349,178.28476499764349,-3.6466781136572286e-23,0.062112120013594535,-0.062112120013594535,0,0,1.4265964874439652e-17,296,296,0,-0.00024463006796278061,0.024072133928183803,-2.1403862851920046e-06,4.8121493455661438e-12,1.2043494114241496e-09
1.6492785518485962e-17,1795,615.70214155311987,-1.2462863554440385e-09,-5.8284242254220227e-21,0,2.2605355757367725e-18,33.50473174044442,178.28476499764349,178.28476499764349,9.6189167678792958e-24,0.016287831781112889,0.016287831781112889,0,0,1.4232240323832421e-17,297,297,0,-0.00024606602281245405,0.02440638609897643,-1.7679110401756832e-06,4.8031100028910085e-12,1.2091525214270406e-09
1.6486813032963418e-17,1801,627.83308917121883,-1.2922275903057069e-09,-5.972485522542818e-21,0,2.277995809514074e-18,32.890072671054149,178.28476499764349,178.28476499764349,3.9167049236736228e-23,0.066008299196250272,0.066008299196250272,0,0,1.4208778056400106e-17,298,298,0,-0.00024723563623598154,0.024594679849831016,6.5999118873857394e-08,4.8321124891278288e-12,1.2139846339161685e-09
1.6480594175654109e-17,1807,619.71669614823588,-1.3194172166152859e-09,-6.2188573093105334e-21,0,2.2941304737549687e-18,32.782398047354938,178.28476499764349,178.28476499764349,-1.1727293062697223e-24,0.0019808062061893021,-0.0019808062061893021,0,0,1.4186464874628445e-17,299,299,0,-0.00024668602583076497,0.024639985870935247,1.4603864682773263e-06,4.8639938493265796e-12,1.2188486277654951e-09
1.6474352872527968e-17,1813,548.52400998511439,-1.2875950287805918e-09,-6.2413031261419062e-21,0,2.3134618143979796e-18,32.382031469271247,178.28476499764349,178.28476499764349,-3.9306664786292172e-23,0.066457615058829092,-0.066457615058829092,0,0,1.4160930364794773e-17,300,300,0,-0.00024643943331081734,0.024537676683805319,8.8586935486108508e-07,4.8915152370125958e-12,1.2237401430025078e-09
1.6468409676389519e-17,1819,556.21840702869497,-1.2255848170189277e-09,-5.9431961384495306e-21,0,2.3354060492158375e-18,32.603045705979042,178.28476499764349,178.28476499764349,-6.9388932985350077e-24,0.011645030911750228,-0.011645030911750228,0,0,1.413301056606698e-17,301,301,0,-0.00024827804777564173,0.024280681935569905,-7.0873162223936871e-08,4.8437876747163758e-12,1.2285839306772242e-09
1.6462847516253218e-17,1825,559.67130354100573,-1.1628857499849639e-09,-5.5621601362987967e-21,0,2.3596627429250304e-18,34.298898343854511,178.28476499764349,178.28476499764349,3.8164282894821126e-23,0.063497577534431082,0.063497577534431082,0,0,1.4103146609045293e-17,302,302,0,-0.00025043135749370479,0.023864805402188799,3.61591550741335e-07,4.7747589659307481e-12,1.233358689643155e-09
1.6457518452502101e-17,1831,567.92899100771706,-1.1077420542233931e-09,-5.3290637511162133e-21,0,2.381058356499616e-18,36.327909056222865,178.28476499764349,178.28476499764349,1.6450774404324305e-23,0.027336562887687075,0.027336562887687075,0,0,1.4076443645228081e-17,303,303,0,-0.00025074437350803365,0.02327118134438997,1.1455100983117974e-06,4.8222720230425253e-12,1.2381809616661977e-09
1.6452308014024374e-17,1837,556.53785513984917,-1.0763061072913694e-09,-5.2104384777274971e-21,0,2.3876888971980042e-18,37.740227681775806,178.28476499764349,178.28476499764349,-3.4967790408605925e-23,0.058215459242883162,-0.058215459242883162,0,0,1.406465408461678e-17,304,304,0,-0.00025027566319561566,0.022477294824515801,4.9816283359010722e-07,4.9287961568948355e-12,1.2431097578230925e-09
1.6447207852341277e-17,1843,585.59432438359056,-1.1026772633633622e-09,-5.100161683098022e-21,0,2.3722824084103055e-18,38.388923385497172,178.28476499764349,178.28476499764349,-2.3364624158641094e-23,0.038712939339400329,-0.038712939339400329,0,0,1.4074948808555129e-17,305,305,0,-0.00025147302768076772,0.021516153869594577,-6.723463728956055e-07,4.8335748775286588e-12,1.2479433327006211e-09
1.6441912756015007e-17,1849,666.72350580826071,-1.1818836124075191e-09,-5.2950963262691355e-21,0,2.342710458641326e-18,38.45893122208502,178.28476499764349,178.28476499764349,2.9542473455868471e-23,0.048518459957417236,0.048518459957417236,0,0,1.4099172754900225e-17,306,306,0,-0.00025370475383493116,0.020402332677945233,-3.6869830473676604e-07,4.7626643335525361e-12,1.2527059970341736e-09
1.6436131873564386e-17,1855,629.71624093234516,-1.2705707779123155e-09,-5.7808824506231684e-21,0,2.3108136299938575e-18,38.334449529014663,178.28476499764349,178.28476499764349,3.1188132293758758e-23,0.051037665604387134,0.051037665604387134,0,0,1.4125287055438234e-17,307,307,0,-0.00025461695727092213,0.019128724755516205,1.1178944504696848e-06,4.8157756981995164e-12,1.257521772732373e-09
1.6429971468252081e-17,1861,559.93374032484326,-1.3126146858451699e-09,-6.1604053123025739e-21,0,2.2855379344562027e-18,37.675352781050698,178.28476499764349,178.28476499764349,-2.2667829455876788e-23,0.037149847123665987,-0.037149847123665987,0,0,1.4144456201625335e-17,308,308,0,-0.00025423870274642171,0.017728650373859192,1.9279274073905252e-06,4.8568817649777824e-12,1.2623786544973507e-09
1.6423677747863835e-17,1867,613.9570812327986,-1.2922468438869663e-09,-6.2937203882466213e-21,0,2.2702393424390646e-18,36.121491182933539,178.28476499764349,178.28476499764349,-3.5650169079749769e-23,0.058225185945993622,-0.058225185945993622,0,0,1.4153474055593849e-17,309,309,0,-0.00025511704042195345,0.016237440392157257,1.7883757121113498e-06,4.9272572444492758e-12,1.2673059117418e-09
1.6417633233656307e-17,1873,659.50254462869987,-1.2383486723299222e-09,-6.0445142075293922e-21,0,2.2642058959269166e-18,34.923829879298282,178.28476499764349,178.28476499764349,1.6372697341418345e-23,0.026469574375252485,0.026469574375252485,0,0,1.4153410965032048e-17,310,310,0,-0.00025772825542549291,0.014743506755069436,2.0897633459763649e-06,4.8826094605083991e-12,1.2721885212023084e-09
1.6411833983863797e-17,1879,598.62456938974276,-1.1864044639375999e-09,-5.7992497925074951e-21,0,2.2607620662890303e-18,34.668068699581042,178.28476499764349,178.28476499764349,3.9421099858485705e-23,0.063296281398116092,0.063296281398116092,0,0,1.4151032496474909e-17,311,311,0,-0.00025950115728059781,0.013283268704856287,3.0323408622153149e-06,4.902159358536015e-12,1.2770906805608445e-09
1.6406292501357272e-17,1885,547.13488432816928,-1.1380581292376514e-09,-5.5414825065251792e-21,0,2.2548862127611804e-18,34.406223530077831,178.28476499764349,178.28476499764349,-8.9921439896200108e-24,0.014448837632134367,-0.014448837632134367,0,0,1.4151415280740081e-17,312,312,0,-0.0002593099014421335,0.011920958464444445,3.3012867318176116e-06,4.8844113880512417e-12,1.2819750919488958e-09
1.6400888889994987e-17,1891,573.96273708287583,-1.0867229677979788e-09,-5.4036113622840833e-21,0,2.2488675935992756e-18,34.162130972631005,178.28476499764349,178.28476499764349,-4.0989988053206728e-23,0.065816268479900658,-0.065816268479900658,0,0,1.4152062286383768e-17,313,313,0,-0.00025949756926809748,0.010671901159933387,2.357359861538868e-06,4.9929837316243254e-12,1.2869680756805202e-09
1.6395609378894388e-17,1897,556.62520243962661,-1.0558265540907742e-09,-5.2795111006004963e-21,0,2.2495788800957653e-18,34.504097152411305,178.28476499764349,178.28476499764349,4.9384812982920738e-24,0.0078645989128250746,0.0078645989128250746,0,0,1.4146025560317326e-17,314,314,0,-0.00026164087498469591,0.0095825592302889971,1.0682084374440456e-06,5.0910408899508657e-12,1.2920591165704711e-09
1.6390429989972416e-17,1903,545.96610078490539,-1.0623387778912693e-09,-5.1793889219717558e-21,0,2.2606914836551878e-18,35.078488698836644,178.28476499764349,178.28476499764349,4.197882288524379e-23,0.066441659918856352,0.066441659918856352,0,0,1.4129696527494344e-17,315,315,0,-0.00026325615921613763,0.0087010610279829106,-7.5200104724475143e-09,5.0458367115659789e-12,1.2971049532820371e-09
1.6385285117247365e-17,1909,617.60450514126785,-1.0783382478698169e-09,-5.1448727250517957e-21,0,2.2789670309475255e-18,35.667946545924259,178.28476499764349,178.28476499764349,5.8209406149358233e-25,0.00092402531001857101,0.00092402531001857101,0,0,1.4106317504205778e-17,316,316,0,-0.00026248111351422348,0.0080287101890684168,-1.4426219844836305e-06,4.9323765421095004e-12,1.3020373298241467e-09
1.6380154158332694e-17,1915,552.33764701388691,-1.076920793502746e-09,-5.1309589146698907e-21,0,2.2998708582228107e-18,36.459712463746087,178.28476499764349,178.28476499764349,-4.152958142009007e-23,0.066164460447928175,-0.066164460447928175,0,0,1.4080324829691302e-17,317,317,0,-0.00026153001386585025,0.0075398182091520978,-3.4990887986753905e-06,4.8741644541937104e-12,1.3069114942783403e-09
1.6375067239862622e-17,1921,500.9868927913675,-1.0630132486047105e-09,-5.0869184700714154e-21,0,2.3224213747027826e-18,37.395541410600323,178.28476499764349,178.28476499764349,-8.9761070500115653e-24,0.014244739471864712,-0.014244739471864712,0,0,1.4052654841266892e-17,318,318,0,-0.0002625561956789624,0.0072143763208322885,-5.4693703320038668e-06,4.8738189580708466e-12,1.311785313236411e-09
1.6370073376289007e-17,1927,528.4132216445629,-1.0472717991259766e-09,-4.9938635736169333e-21,0,2.3466367245625654e-18,38.124553932650421,178.28476499764349,178.28476499764349,3.9982328330799475e-23,0.063136215799413559,0.063136215799413559,0,0,1.4023396669398109e-17,319,319,0,-0.00026386287585069738,0.0070411424324356734,-6.6414226989762881e-06,4.8486883515581969e-12,1.3166340015879693e-09
1.6365098390183555e-17,1933,517.28500790902137,-1.0130581225652843e-09,-4.9749861054516298e-21,0,2.3697785808633503e-18,38.627382052901552,178.28476499764349,178.28476499764349,1.6449234548172673e-23,0.026066658105936055,0.026066658105936055,0,0,1.3995303360085657e-17,320,320,0,-0.00026293542120170779,0.0070081931901394452,-7.2170733551994211e-06,4.9493057010565669e-12,1.3215833072890259e-09
1.6360218455476402e-17,1939,479.64034942157195,-9.5290164298865148e-10,-4.8799347071534547e-21,0,2.3816179743571512e-18,39.109048445647595,178.28476499764349,178.28476499764349,-3.7917320657152404e-23,0.060521007279186287,-0.060521007279186287,0,0,1.3978638398439906e-17,321,321,0,-0.00026104792893263202,0.0071184652209481695,-7.6701750180703313e-06,5.1138155165873215e-12,1.3266971228056132e-09
1.6355512431165184e-17,1945,427.99408824908585,-9.0927091639410275e-10,-4.7060243112184158e-21,0,2.3698256494967572e-18,38.901817475678747,178.28476499764349,178.28476499764349,-1.6900806445786398e-23,0.026939389241060707,-0.026939389241060707,0,0,1.3985703682474872e-17,322,322,0,-0.00026140172008840056,0.0073803137678957343,-7.7108900888905668e-06,5.2554909240948822e-12,1.3319526137297081e-09
1.6350854218407271e-17,1951,493.23689202854962,-9.2059305055665974e-10,-4.6582127579102928e-21,0,2.332960121008542e-18,37.610702210175837,178.28476499764349,178.28476499764349,3.8872163021838504e-23,0.061635039269874237,0.061635039269874237,0,0,1.4017855225235706e-17,323,323,0,-0.00026278452620945872,0.0077992663087835491,-6.6836170133382199e-06,5.3004394803825536e-12,1.3372530532100907e-09
1.6346209532303852e-17,1957,432.03707545362408,-9.4893802087754402e-10,-4.6446861034215128e-21,0,2.2835394626394391e-18,36.216478342436758,178.28476499764349,178.28476499764349,1.6847374132150192e-23,0.026800961538660923,0.026800961538660923,0,0,1.4062653222290281e-17,324,324,0,-0.00026192117068645545,0.0083629327776634562,-5.0485066950231277e-06,5.1237588940155172e-12,1.3423768121041063e-09
1.6341552446739901e-17,1963,429.56488918085256,-9.4840429091762437e-10,-4.6570855639502421e-21,0,2.2317090074321006e-18,34.692350095153493,178.28476499764349,178.28476499764349,-3.7176155494307749e-23,0.059522125887750577,-0.059522125887750577,0,0,1.4109880615463297e-17,325,325,0,-0.00026024044938354444,0.0090850031796592158,-3.711179355215045e-06,5.038823413449542e-12,1.3474156355175557e-09
1.6336946877857512e-17,1969,455.10829736219955,-9.2536675806863845e-10,-4.6055688823896587e-21,0,2.1834709652870786e-18,32.958230366257517,178.28476499764349,178.28476499764349,-2.0295271430262398e-23,0.032424807751713879,-0.032424807751713879,0,0,1.4153496207841864e-17,326,326,0,-0.00026079917453009945,0.0099919567879881883,-2.5843906188728093e-06,5.0650650954314027e-12,1.352480700612987e-09
1.6332434742907548e-17,1975,466.75302708788354,-9.1914265253297232e-10,-4.5121349499641284e-21,0,2.1421069685862245e-18,32.367491486411311,178.28476499764349,178.28476499764349,3.5670275648187862e-23,0.056617753511337771,0.056617753511337771,0,0,1.4190292104045674e-17,327,327,0,-0.00026250802851861656,0.011083081519413861,-9.555534175555902e-07,5.0552880393559292e-12,1.357535988652343e-09
1.6327805535000295e-17,1981,518.77448124363536,-9.3362887900994875e-10,-4.6292079072543768e-21,0,2.1073739914435509e-18,32.764403570626286,178.28476499764349,178.28476499764349,2.2575551871386929e-23,0.035883400551864973,0.035883400551864973,0,0,1.422040896800487e-17,328,328,0,-0.00026214014841806767,0.012381057572261871,8.8750914388385961e-07,5.1607519483089982e-12,1.362696740600652e-09
1.6323083385985185e-17,1987,563.56610009661154,-9.4566184624430553e-10,-4.7221490151088033e-21,0,2.0793301992031898e-18,32.926508787642433,178.28476499764349,178.28476499764349,-3.4884016162730648e-23,0.055798571989843802,-0.055798571989843802,0,0,1.4243788070798156e-17,329,329,0,-0.00026049065802465814,0.013847504259551186,1.5990969365267181e-06,5.179875179347843e-12,1.3678766157799998e-09
1.6318347805101278e-17,1993,564.21045372744743,-9.5832745572213682e-10,-4.7355808839076402e-21,0,2.0589041091080577e-18,33.300885549634593,178.28476499764349,178.28476499764349,-2.3596942908880866e-23,0.037695564260301288,-0.037695564260301288,0,0,1.4259467292936129e-17,330,330,0,-0.00026082802415357281,0.015418246172060911,1.2834817516141508e-06,5.1285530486217218e-12,1.3730051688286215e-09
1.6313529099299717e-17,1999,504.62600202785717,-9.8148126011438919e-10,-4.8187058015604534e-21,0,2.0490110663062571e-18,33.940091285218223,178.28476499764349,178.28476499764349,3.3886467871670606e-23,0.053822976841935682,0.053822976841935682,0,0,1.4264484146525587e-17,331,331,0,-0.00026232963023685229,0.017042142812379021,1.486687955906685e-06,5.1148406409530586e-12,1.3781200094695746e-09
1.6308660246226099e-17,2005,492.28456908400136,-9.9349580450050881e-10,-4.8688530736162564e-21,0,2.0504413137528069e-18,34.145767854751156,178.28476499764349,178.28476499764349,2.6211086097266738e-23,0.041706706904590427,0.041706706904590427,0,0,1.4258192721387196e-17,332,332,0,-0.00026185922323821733,0.018634636076923068,2.1686723999104893e-06,5.0529609458275342e-12,1.3831729704154021e-09
1.6303929860767966e-17,2011,502.31038619185961,-9.6857370217708502e-10,-4.7303854581345508e-21,0,2.0599818347542741e-18,34.311495853381821,178.28476499764349,178.28476499764349,-3.0097721906757103e-23,0.048206264323982201,-0.048206264323982201,0,0,1.4243978123735598e-17,333,333,0,-0.00026014705011916968,0.020111089562646799,1.6940579619196555e-06,4.9270873280969325e-12,1.3881000577434991e-09
1.629949120501831e-17,2017,492.79948792178095,-9.1619499788540371e-10,-4.4386557496551054e-21,0,2.0761924107065685e-18,34.624239629288084,178.28476499764349,178.28476499764349,-3.2009604955335181e-23,0.051250445934125033,-0.051250445934125033,0,0,1.4223330803916696e-17,334,334,0,-0.00026023842631920551,0.021424511872858844,2.159478582355405e-07,4.8218442469358661e-12,1.392921901990435e-09
1.6295317961794465e-17,2023,450.58996392693206,-8.7317261627668685e-10,-4.1732432238456369e-21,0,2.0990856169431969e-18,34.681593232142568,178.28476499764349,178.28476499764349,2.251766131566387e-23,0.035795226208394038,0.035795226208394038,0,0,1.4196209827189951e-17,335,335,0,-0.000262112015353851,0.022550752332868049,-2.900118943419026e-07,4.7928160429999646e-12,1.397714718033435e-09
1.6291338696121079e-17,2029,519.40645874526433,-8.509675218073846e-10,-3.9792656733877661e-21,0,2.1280251536191021e-18,34.905344853813922,178.28476499764349,178.28476499764349,3.8290929832288947e-23,0.060662359583102191,0.060662359583102191,0,0,1.4163275251572144e-17,336,336,0,-0.00026300582777250556,0.023449254891881099,6.5956579557887377e-07,4.7378739992100427e-12,1.402452592032645e-09
1.6287473484409051e-17,2035,511.5002270812617,-8.2502084264408886e-10,-3.8652117120271207e-21,0,2.1614315454384663e-18,35.681195851837529,178.28476499764349,178.28476499764349,-1.1519960625455973e-23,0.018309152888025277,-0.018309152888025277,0,0,1.4126053458931209e-17,337,337,0,-0.00026216306255648532,0.024105204942810442,1.2500935794857166e-06,4.7208077525707985e-12,1.4071733997852158e-09
1.6283704778632341e-17,2041,429.74736554805025,-7.8120048401945684e-10,-3.7687057767100038e-21,0,2.1966206925370642e-18,36.185688370286982,178.28476499764349,178.28476499764349,-4.1318124818791696e-23,0.065740285553953864,-0.065740285553953864,0,0,1.4087125404220094e-17,338,338,0,-0.00026187725222198292,0.024514076727960812,5.9290066999355987e-07,4.8188121776428212e-12,1.4119922119628586e-09
1.6280092354254504e-17,2047,456.10728554948605,-7.4555928813402571e-10,-3.6124243778350852e-21,0,2.2279390357756145e-18,35.910722824159002,178.28476499764349,178.28476499764349,2.7497598607041053e-24,0.0043479904114123889,0.0043479904114123889,0,0,1.4052150568719029e-17,339,339,0,-0.00026350869410524455,0.024661559962605314,4.604748333218595e-07,4.8910707925451645e-12,1.4168832827554037e-09
1.6276545121155528e-17,2053,458.65878511368811,-7.4300304341611078e-10,-3.5472330989768527e-21,0,2.2500928781084682e-18,35.661132145498939,178.28476499764349,178.28476499764349,4.232932639670803e-23,0.066592718099977993,0.066592718099977993,0,0,1.4026409913720664e-17,340,340,0,-0.00026485207144539804,0.024556335096158181,2.1828026540434377e-06,4.9370675196471606e-12,1.4218203502750509e-09
1.6272956153044654e-17,2059,472.7374784955461,-7.5220857632718471e-10,-3.5889681108740137e-21,0,2.2622654316919963e-18,35.781535227289055,178.28476499764349,178.28476499764349,4.0218221329007409e-24,0.0063477660489732728,0.0063477660489732728,0,0,1.4010686699530524e-17,341,341,0,-0.00026399196333220848,0.024227416251760114,3.8887909462481128e-06,4.946483006468135e-12,1.4267668332815189e-09
1.6269296660703828e-17,2065,484.4943825738975,-7.3975328792393355e-10,-3.6594923408254732e-21,0,2.2689457075643064e-18,35.668415613379487,178.28476499764349,178.28476499764349,-4.1582723810494571e-23,0.065934119141670619,-0.065934119141670619,0,0,1.4000392535863333e-17,342,342,0,-0.00026277950091073291,0.023699353222267946,3.6653574660082206e-06,5.0549529870868876e-12,1.4318217862686059e-09
1.6265671254089415e-17,2071,496.4435444063825,-7.2184612080077187e-10,-3.6254066144139673e-21,0,2.2734425441340554e-18,35.25140556178448,178.28476499764349,178.28476499764349,-6.7106375962318224e-24,0.010614442941518113,-0.010614442941518113,0,0,1.3992235420592955e-17,343,343,0,-0.00026342399821030287,0.02300023251595874,2.8149873351542558e-06,5.1475172590580723e-12,1.436969303527664e-09
1.6262066672975313e-17,2077,492.11194146357929,-7.3426517358972396e-10,-3.6045811141038803e-21,0,2.274288348405885e-18,35.196095209955764,178.28476499764349,178.28476499764349,4.1548078404652031e-23,0.065545313958548901,0.065545313958548901,0,0,1.398773677649102e-17,344,344,0,-0.00026411803208721492,0.022168666381408599,3.1144892643059576e-06,5.1476706719636389e-12,1.4421169741996275e-09
1.6258306207308689e-17,2083,468.13668348165533,-7.6702915390420939e-10,-3.7604656666217512e-21,0,2.2674914534802623e-18,35.626880696239439,178.28476499764349,178.28476499764349,7.7718720147271843e-24,0.012332944569599567,0.012332944569599567,0,0,1.3990806981956411e-17,345,345,0,-0.00026257152035848548,0.021219081811895944,3.1039613431754941e-06,5.1821402132265999e-12,1.4472991144128542e-09
1.6254472063128924e-17,2089,431.53293774165263,-7.8571767686187627e-10,-3.8341441797653271e-21,0,2.25222890987681e-18,35.756507238662437,178.28476499764349,178.28476499764349,-4.063958782997805e-23,0.064942059344742328,-0.064942059344742328,0,0,1.4002283792839943e-17,346,346,0,-0.00026074260297065914,0.020190755716014804,1.1031930010075121e-06,5.0841100740968968e-12,1.452383224486951e-09
1.6250590143125725e-17,2095,488.05536550793227,-7.9370993106400619e-10,-3.8819200031983056e-21,0,2.2312672558348968e-18,35.53832979247376,178.28476499764349,178.28476499764349,-1.099958180469812e-23,0.017554129471017275,-0.017554129471017275,0,0,1.4019333886872631e-17,347,347,0,-0.00026108723265710286,0.019080269960043233,-1.4550118946080784e-06,5.0657389223127769e-12,1.4574489634092639e-09
1.6246582172540755e-17,2101,514.34864226725847,-8.0575905782485772e-10,-4.0079705849694034e-21,0,2.2076503959841018e-18,35.826947100172681,178.28476499764349,178.28476499764349,4.0294725307618419e-23,0.064051472270352905,0.064051472270352905,0,0,1.4038891481831347e-17,348,348,0,-0.00026212463637537945,0.017868538195179421,-2.7457267901487837e-06,5.1721654453527745e-12,1.4626211288546166e-09
1.6242509415203801e-17,2107,588.97863377469378,-8.0885412919082664e-10,-4.0727573369560939e-21,0,2.1824439340629485e-18,36.273887110185278,178.28476499764349,178.28476499764349,1.16827249895673e-23,0.018626102261442842,0.018626102261442842,0,0,1.4060053798415861e-17,349,349,0,-0.00026134303412822074,0.016589213625711891,-3.5698660773403467e-06,5.1890482241694276e-12,1.4678101770787859e-09
1.6238442566489567e-17,2113,539.77912826599265,-7.8149329884307074e-10,-4.0668487142322329e-21,0,2.1562903488686564e-18,36.184909906681625,178.28476499764349,178.28476499764349,-4.0135637551710909e-23,0.064251309859097841,-0.064251309859097841,0,0,1.4082192353258463e-17,350,350,0,-0.00026027768694350496,0.015249791247101395,-5.3356902805882584e-06,5.2646441269627037e-12,1.4730748212057486e-09
1.623459121790794e-17,2119,478.59924481268774,-7.4956930176186659e-10,-3.8513485816286373e-21,0,2.1331799527326992e-18,36.27388691024678,178.28476499764349,178.28476499764349,-1.1013226093433518e-23,0.017543910071009285,-0.017543910071009285,0,0,1.4101422278401333e-17,351,351,0,-0.00026156336797356604,0.013916785716564231,-6.9509874902109918e-06,5.2080029410130135e-12,1.4782828241467616e-09
1.6230913493254513e-17,2125,491.4298501112898,-7.4672709969244574e-10,-3.6777246534257884e-21,0,2.1176856469814213e-18,36.651406905590335,178.28476499764349,178.28476499764349,4.0204687313461054e-23,0.063576346627014876,0.063576346627014876,0,0,1.4113187641585777e-17,352,352,0,-0.00026349348359936537,0.012646475720469272,-7.0927794457463732e-06,5.0889434281467916e-12,1.4833717675749083e-09
1.6227286878549272e-17,2131,485.64689846817078,-7.5102816286402086e-10,-3.6266147052394992e-21,0,2.1134639904003857e-18,36.679600158353246,178.28476499764349,178.28476499764349,1.5284981280147561e-23,0.024175633740217108,0.024175633740217108,0,0,1.4113807603167606e-17,353,353,0,-0.00026343641157442084,0.011474744129434519,-6.5432965781897445e-06,4.9798640084653551e-12,1.4883516315833736e-09
1.6223724772675093e-17,2137,507.13918743583241,-7.2565349509909317e-10,-3.5621058741813488e-21,0,2.1218293971677104e-18,36.344363877067039,178.28476499764349,178.28476499764349,-3.7799163528414165e-23,0.05996954785441494,-0.05996954785441494,0,0,1.4101933174670908e-17,354,354,0,-0.00026262748400921002,0.010417358898028157,-6.3318232988442959e-06,4.9477494494299186e-12,1.4932993810328036e-09
1.6220361676151894e-17,2143,488.93267951684635,-6.7954487694294832e-10,-3.3630965231967103e-21,0,2.1407942660009075e-18,35.619561813160487,178.28476499764349,178.28476499764349,-2.1403259828319269e-23,0.033824267553180916,-0.033824267553180916,0,0,1.4079588813410814e-17,355,355,0,-0.00026365759182946449,0.0094998128924988576,-6.0798492390577484e-06,4.9343408445407294e-12,1.4982337218773442e-09
1.6217235190812856e-17,2149,466.92458708205049,-6.4829293840230975e-10,-3.1264853390406204e-21,0,2.1652252827658679e-18,34.732584156608411,178.28476499764349,178.28476499764349,3.4240938267198703e-23,0.053696624378367246,0.053696624378367246,0,0,1.405197566710872e-17,356,356,0,-0.00026569747682472691,0.008750711171401894,-5.0865831441920575e-06,4.8756313468399652e-12,1.5031093532241842e-09
1.6214208357188539e-17,2155,396.00359633438541,-6.3803028048703115e-10,-3.0268336243144599e-21,0,2.189583765017093e-18,34.439305728644911,178.28476499764349,178.28476499764349,2.8557570329142395e-23,0.044722038081488731,0.044722038081488731,0,0,1.4024596034601119e-17,357,357,0,-0.00026606541534309895,0.0081739789579545145,-3.7051721995671023e-06,4.8662413199058163e-12,1.50797559454409e-09
1.6211192751467878e-17,2161,349.38833946759939,-6.2967762697180265e-10,-3.0156057206628685e-21,0,2.2093382517968476e-18,34.67809840604184,178.28476499764349,178.28476499764349,-2.8760733888439338e-23,0.045207741475535579,-0.045207741475535579,0,0,1.4001883260404917e-17,358,358,0,-0.00026507935873481138,0.007770743813864482,-2.7546049505238202e-06,4.9149229490971444e-12,1.5128905174931871e-09
1.6208216039617705e-17,2167,392.33910894141127,-6.2448557508496863e-10,-2.976711850173232e-21,0,2.222163654479302e-18,34.932221747982361,178.28476499764349,178.28476499764349,-3.3583202854716535e-23,0.052679136928465244,-0.052679136928465244,0,0,1.3986085968341256e-17,359,359,0,-0.00026562700160533191,0.007544739335376251,-2.3050132100356861e-06,4.9176397872695493e-12,1.5178081572804566e-09
1.6205199929270436e-17,2173,421.93512307478125,-6.4060539412261612e-10,-3.0161103472683402e-21,0,2.2296559447216041e-18,35.622093412128933,178.28476499764349,178.28476499764349,2.34393402362612e-23,0.036454341728469619,0.036454341728469619,0,0,1.3975520545208596e-17,360,360,0,-0.00026790750571912468,0.0074869453245204843,-1.7611894817810874e-06,4.9456195414929905e-12,1.5227537768219496e-09
1.6202006052869684e-17,2179,438.61169110882986,-6.6609785193331004e-10,-3.1938764007533634e-21,0,2.2352362742873693e-18,36.854074860570805,178.28476499764349,178.28476499764349,3.7068301318100608e-23,0.057436643622951256,0.057436643622951256,0,0,1.3966732710280996e-17,361,361,0,-0.00026890717449642098,0.007589825052736642,-1.038561264742378e-06,5.0479643628600622e-12,1.5278017411848096e-09
1.6198742176912052e-17,2185,437.50543918464194,-6.5935253680453754e-10,-3.2638759576303085e-21,0,2.2408471345697409e-18,37.56903414484777,178.28476499764349,178.28476499764349,-2.0004080161517753e-23,0.031111739487415611,-0.031111739487415611,0,0,1.3957915046422473e-17,362,362,0,-0.00026790637675543625,0.0078430994112857894,-7.8217117815304547e-07,5.0598453381404113e-12,1.5328615865229501e-09
1.6195656288379321e-17,2191,415.69416518112899,-6.1729806108613733e-10,-3.085888532730721e-21,0,2.2455894916374692e-18,37.359309290380246,178.28476499764349,178.28476499764349,-3.9130565302627916e-23,0.06082063758671339,-0.06082063758671339,0,0,1.3950105927307156e-17,363,363,0,-0.00026807351675953097,0.0082275571962553262,-1.1002255904598679e-06,4.9884606249665092e-12,1.5378500471479166e-09
1.6192785891325967e-17,2197,388.65270453375496,-5.8824058454642032e-10,-2.8703970533554906e-21,0,2.2459877756375026e-18,36.832594108790353,178.28476499764349,178.28476499764349,1.4540316188357902e-23,0.02240106350181335,0.02240106350181335,0,0,1.3946783575372274e-17,364,364,0,-0.00027045435043704694,0.0087325649936867821,-1.1934028910987976e-06,4.954018235044544e-12,1.5428040653829612e-09
1.6189942704445567e-17,2203,373.54577730609253,-5.9419705895866988e-10,-2.8431868803996533e-21,0,2.2398944607062485e-18,36.440052690845597,178.28476499764349,178.28476499764349,4.1807645454633647e-23,0.063984773486966337,0.063984773486966337,0,0,1.3950006436093862e-17,365,365,0,-0.00027224996391231814,0.0093630076212231853,-6.3514492395179935e-07,5.0035112781271788e-12,1.5478075766610884e-09
1.6187036346821618e-17,2209,363.49276899552916,-6.0273002874349184e-10,-2.906357623949348e-21,0,2.2281052561860029e-18,36.119209138677,178.28476499764349,178.28476499764349,-9.6613568459006038e-24,0.014793083590757251,-0.014793083590757251,0,0,1.3958940751992461e-17,366,366,0,-0.00027212482967201311,0.010118149003272793,-9.1814639508585666e-08,5.0184152350989758e-12,1.5528259918961873e-09
1.618413455186325e-17,2215,385.93909577709263,-5.8840875898935372e-10,-2.901794958365365e-21,0,2.2127380488229008e-18,35.667343532113122,178.28476499764349,178.28476499764349,-4.2980109248646867e-23,0.065618572943963865,-0.065618572943963865,0,0,1.3971439483149599e-17,367,367,0,-0.0002729163108880197,0.011003754179694972,-6.3867038611324461e-08,5.0361092346880823e-12,1.5578621011308753e-09
1.6181276374395757e-17,2221,422.3717456302856,-5.726266115375411e-10,-2.8581774674938013e-21,0,2.1948933215230627e-18,35.442746876453846,178.28476499764349,178.28476499764349,6.5070828776927515e-24,0.0098118073259353504,0.0098118073259353504,0,0,1.3986376545789818e-17,368,368,0,-0.00027632875802662536,0.012039855587520376,2.5023889723758355e-07,5.1281580837820311e-12,1.5629902592146573e-09
1.6178422315319209e-17,2227,496.58428328892563,-5.8222748617136564e-10,-2.854059076548857e-21,0,2.1734665870449717e-18,35.839318123610475,178.28476499764349,178.28476499764349,4.4273904450712796e-23,0.066027950926996176,0.066027950926996176,0,0,1.4004911454369788e-17,369,369,0,-0.00027938865175742346,0.013214137551520302,1.5833863077631214e-06,5.1536347750536997e-12,1.568143893989711e-09
1.6175497733860942e-17,2233,596.62439643064863,-5.9687024123550039e-10,-2.9245814582676297e-21,0,2.1472883145236106e-18,35.989509107161062,178.28476499764349,178.28476499764349,-4.937853840046593e-24,0.0073492395750368329,-0.0073492395750368329,0,0,1.402821435719117e-17,370,370,0,-0.00027995265074882655,0.014504850358255316,2.917612583292515e-06,5.1393966614821775e-12,1.5732832906511931e-09
1.6172554141948658e-17,2239,667.63134190808989,-5.9620453936048509e-10,-2.9435919122819193e-21,0,2.1179227513593053e-18,35.251691504670163,178.28476499764349,178.28476499764349,-4.471043736622763e-23,0.066382630094804412,-0.066382630094804412,0,0,1.4054676101026719e-17,371,371,0,-0.00028063589640832506,0.015883372367718317,3.1714823564290421e-06,5.1107545294563935e-12,1.5783940451806495e-09
1.6169577216340211e-17,2245,701.67969097915523,-6.0333406511056193e-10,-2.9769256084494115e-21,0,2.0888143024359537e-18,34.294947896548486,178.28476499764349,178.28476499764349,3.0761394140596809e-24,0.0045235459663754149,0.0045235459663754149,0,0,1.4080759837764842e-17,372,372,0,-0.00028334513794827585,0.017339444087271887,3.2841245904394116e-06,5.1646636183740446e-12,1.5835587087990236e-09
1.6166524739755021e-17,2251,685.33604175475978,-6.2843121534000422e-10,-3.0524765851887341e-21,0,2.0648269543890353e-18,33.591112606778729,178.28476499764349,178.28476499764349,4.5546438833081649e-23,0.066528193434757896,0.066528193434757896,0,0,1.4101652238927154e-17,373,373,0,-0.00028525775114758562,0.018809829884329388,4.2776611059673933e-06,5.138821148540048e-12,1.5886975299475636e-09
1.6163389823499478e-17,2257,624.52985107562199,-6.358963058086641e-10,-3.134916255540576e-21,0,2.0468359502995458e-18,33.083752545654839,178.28476499764349,178.28476499764349,-6.8453691837118689e-25,0.0010036619042819537,-0.0010036619042819537,0,0,1.4116554557736852e-17,374,374,0,-0.00028418306480611986,0.020241861177539549,4.7105167773263502e-06,5.1024386360847277e-12,1.5937999685836483e-09
1.6160296336925935e-17,2263,561.28566765003939,-6.0306641820944539e-10,-3.0934865735458877e-21,0,2.0321942486091284e-18,32.857823136816592,178.28476499764349,178.28476499764349,-4.5164097161464805e-23,0.066601525781182447,-0.066601525781182447,0,0,1.4128147252413967e-17,375,375,0,-0.00028255169227063348,0.021599366366401872,3.0466545057849726e-06,5.149491708204375e-12,1.5989494602918527e-09
1.6157396775873872e-17,2269,542.14798820208978,-5.6548171154014647e-10,-2.8995610520630221e-21,0,2.0181861828257598e-18,32.957588974151804,178.28476499764349,178.28476499764349,-6.8213133444431425e-25,0.0010054716569715301,-0.0010054716569715301,0,0,1.4139211275179445e-17,376,376,0,-0.00028267469041136714,0.022805777685947704,7.7248820211246013e-07,5.167147683487914e-12,1.6041166079753407e-09
1.6154617559057476e-17,2275,520.90836127988541,-5.5512063364634362e-10,-2.7792168163963652e-21,0,2.0047230077989367e-18,33.449667482066459,178.28476499764349,178.28476499764349,4.5137888368460493e-23,0.06657971512668652,0.06657971512668652,0,0,1.4149849413370169e-17,377,377,0,-0.00028248023367285108,0.023791205332735019,-2.1840792376983396e-07,5.1730704757921823e-12,1.6092896784511328e-09
1.6151938614585536e-17,2281,467.73363067787164,-5.3969803909542854e-10,-2.6789444719381801e-21,0,1.9958596788449023e-18,33.723088334133671,178.28476499764349,178.28476499764349,3.157360013934901e-24,0.0046966453209714458,0.0046966453209714458,0,0,1.415607577838062e-17,378,378,0,-0.0002801077327680836,0.024487453452032633,-1.292996912325722e-06,5.0596410497314444e-12,1.6143493195008643e-09
1.6149461563952308e-17,2287,396.00273115402194,-4.8830709003021588e-10,-2.4770506332284934e-21,0,1.9950289052058883e-18,33.240971856870793,178.28476499764349,178.28476499764349,-4.3994440263270797e-23,0.065976019911996087,-0.065976019911996087,0,0,1.4154476653186683e-17,379,379,0,-0.00027784362865192197,0.024880590893572797,-4.0201394367302637e-06,4.987474220769016e-12,1.6193367937216333e-09
1.6147278155661931e-17,2293,310.57580910887987,-4.3218859919912322e-10,-2.183408290377593e-21,0,2.0019747691143287e-18,33.107216121774321,178.28476499764349,178.28476499764349,-9.1070453737629329e-24,0.013652652239555082,-0.013652652239555082,0,0,1.4145312493592976e-17,380,380,0,-0.00027793883360438049,0.024965657161490774,-6.6649687938090862e-06,4.9786648721423585e-12,1.6243154585937757e-09
1.6145291579719639e-17,2299,259.83613525504347,-4.1860475253154216e-10,-1.98657594229161e-21,0,2.0130900928664999e-18,34.153645076693458,178.28476499764349,178.28476499764349,4.2774820880153044e-23,0.06390748566117295,0.06390748566117295,0,0,1.4132158712032258e-17,381,381,0,-0.00027888504529646285,0.024745549718019576,-7.0703486628432412e-06,4.9465344725680172e-12,1.6292619930663436e-09
1.6143281975572742e-17,2305,298.87681327525058,-4.4328324504431571e-10,-2.0096041468975199e-21,0,2.0250275490973019e-18,35.447772172089856,178.28476499764349,178.28476499764349,1.6490743873399557e-23,0.024664474819927958,0.024664474819927958,0,0,1.4118237935731566e-17,382,382,0,-0.0002785846173797424,0.024244960236540297,-6.4244265979308025e-06,4.8968133167204232e-12,1.634158806383064e-09
1.6141126507614158e-17,2311,365.23476588454832,-4.6694217370833546e-10,-2.1554679585841551e-21,0,2.0392877912177059e-18,36.610246922021616,178.28476499764349,178.28476499764349,-3.9802856897152285e-23,0.059579508595175093,-0.059579508595175093,0,0,1.4101878519253348e-17,383,383,0,-0.00027835952491371893,0.023490144789415742,-6.7846703289262894e-06,4.9298753358155393e-12,1.6390886817188795e-09
1.6138884155779874e-17,2317,388.97602116955892,-4.7789007862761227e-10,-2.2423518342836787e-21,0,2.0599093327369507e-18,37.930757075634155,178.28476499764349,178.28476499764349,-2.3191299325444227e-23,0.03443509565638523,-0.03443509565638523,0,0,1.4078998014342248e-17,384,384,0,-0.00028061607500746847,0.022527669538309175,-7.3331348296375593e-06,4.9429603410589724e-12,1.6440316420599385e-09
1.6136603876493517e-17,2323,387.51786396720621,-4.9208278194660641e-10,-2.2802792863554078e-21,0,2.0882116597896007e-18,38.866610406449304,178.28476499764349,178.28476499764349,3.6538668216689186e-23,0.053541135759430668,0.053541135759430668,0,0,1.40483556780357e-17,385,385,0,-0.00028435043213676349,0.021423822384311401,-6.122930928391955e-06,4.8979946868598544e-12,1.6489296367467984e-09
1.6134275020678821e-17,2329,451.41752189060031,-5.0344014019607642e-10,-2.3288558146981178e-21,0,2.1212673936677358e-18,38.803260250893807,178.28476499764349,178.28476499764349,3.1127657351477011e-23,0.045226811399327556,0.045226811399327556,0,0,1.4012976499353733e-17,386,386,0,-0.00028677363777139536,0.020236324503609314,-3.8402196919987065e-06,4.8452193610935166e-12,1.653774856107892e-09
1.6131923046067784e-17,2335,497.52306664409531,-4.9205042058689372e-10,-2.3519746110365139e-21,0,2.1543444718791533e-18,37.996658300748265,178.28476499764349,178.28476499764349,-3.0610623797011794e-23,0.044292016488135931,-0.044292016488135931,0,0,1.3977609184812427e-17,387,387,0,-0.00028796220161954875,0.018989913195411757,-2.4945581947601142e-06,4.8874383736402878e-12,1.6586622944815322e-09
1.6129639479630917e-17,2341,517.75534963290238,-4.6910313764841081e-10,-2.2835664368662657e-21,0,2.1836869955788059e-18,37.052115269885547,178.28476499764349,178.28476499764349,-3.6910166675841286e-23,0.052979343466031677,-0.052979343466031677,0,0,1.3945989394218789e-17,388,388,0,-0.00029028740465223481,0.017719147022340086,-2.1333611528512604e-06,4.9546524473858874e-12,1.663616946928918e-09
1.6127419501460698e-17,2347,521.32306100010032,-4.7125286196656382e-10,-2.2199781702208547e-21,0,2.2083343973990128e-18,36.308280616685089,178.28476499764349,178.28476499764349,2.5516598908819776e-23,0.036195753285793678,0.036195753285793678,0,0,1.3919059587462776e-17,389,389,0,-0.00029373380153359223,0.016475644476731069,-1.1665557616425335e-06,4.9548039683031996e-12,1.6685717508972212e-09
1.6125147217674316e-17,2353,506.09781460229118,-4.9972712003611014e-10,-2.2722837863817455e-21,0,2.2287704897421684e-18,35.973663509643238,178.28476499764349,178.28476499764349,4.2029960280559349e-23,0.059275345148300192,0.059275345148300192,0,0,1.3896334697971866e-17,390,390,0,-0.0002954429604150386,0.015303552528570723,4.3845335952222738e-07,4.8731089235618623e-12,1.6734448598207832e-09
1.6122749305320143e-17,2359,468.16276842446462,-5.1407403456225504e-10,-2.3979123541734964e-21,0,2.2454946435723089e-18,36.204410737768853,178.28476499764349,178.28476499764349,-1.7248513866508261e-23,0.024384092056942738,-0.024384092056942738,0,0,1.38772719102617e-17,391,391,0,-0.00029473645198387717,0.014195863990013389,1.2163156699954258e-06,4.8813202038491684e-12,1.6783261800246323e-09
1.6120384733417401e-17,2365,466.44607343138597,-4.9823778422632679e-10,-2.3645719027403444e-21,0,2.2567485109010712e-18,36.652381992321828,178.28476499764349,178.28476499764349,-4.5438986337849255e-23,0.064369769818402825,-0.064369769818402825,0,0,1.3863681661502667e-17,392,392,0,-0.00029412736797898386,0.013176091152027464,8.0808597867587501e-07,4.8263177643037323e-12,1.683152497788936e-09
1.6118135115082897e-17,2371,458.76673571416234,-4.8283739504934415e-10,-2.2496183345032824e-21,0,2.2603657861850232e-18,36.742865322645315,178.28476499764349,178.28476499764349,5.999493191206281e-24,0.0084784852485696414,0.0084784852485696414,0,0,1.3857763329404684e-17,393,393,0,-0.00029483908462196588,0.012249664948597565,4.1842145931214118e-07,4.7707468471037182e-12,1.6879232446360397e-09
1.6115937662973454e-17,2377,436.98736817250426,-4.8808511352431855e-10,-2.1974521094431685e-21,0,2.2551036368801054e-18,36.34095328610691,178.28476499764349,178.28476499764349,4.7114053164178317e-23,0.06658114860170862,0.06658114860170862,0,0,1.3860786912040184e-17,394,394,0,-0.00029484104581172578,0.011423803829357973,6.830926571739413e-07,4.7025873974862956e-12,1.6926258320335259e-09
1.6113684248380272e-17,2383,417.25002454168924,-4.9469213005355038e-10,-2.2534145931818063e-21,0,2.2403409434935054e-18,35.415390247431937,178.28476499764349,178.28476499764349,7.7746674532386207e-24,0.011070481379362318,0.011070481379362318,0,0,1.3873335530219314e-17,395,395,0,-0.00029262004615454313,0.010688877778993449,9.3803636554558964e-07,4.7371275525601989e-12,1.6973629595860862e-09
1.6111423876206332e-17,2389,412.83470810164545,-4.7963978675883298e-10,-2.2603721739414185e-21,0,2.2167874283020115e-18,33.899139968099213,178.28476499764349,178.28476499764349,-4.4391433990491282e-23,0.063778245088795066,-0.063778245088795066,0,0,1.389468083933831e-17,396,396,0,-0.00029001159883936868,0.01005550348843254,6.043820273626974e-07,4.7931096306929564e-12,1.7021560692167792e-09
1.6109294670991303e-17,2395,393.86937326873226,-4.5735263785141227e-10,-2.1292052150274555e-21,0,2.1880770196729249e-18,32.537197704484598,178.28476499764349,178.28476499764349,-1.9666751848689837e-23,0.028306864768526039,-0.028306864768526039,0,0,1.3921237318070228e-17,397,397,0,-0.00028948737360931005,0.0095516864765497044,2.3185419145886044e-07,4.7217245882977915e-12,1.706877793805077e-09
1.6107242128843158e-17,2401,414.7727224439663,-4.5296870108848323e-10,-2.0525421481440891e-21,0,2.1580093612405473e-18,32.276484490239781,178.28476499764349,178.28476499764349,3.8450265056517245e-23,0.055221619235761889,0.055221619235761889,0,0,1.3949194317337556e-17,398,398,0,-0.00029012086199699282,0.0091792621305590762,5.0895624951169337e-07,4.6968371496637361e-12,1.7115746309547408e-09
1.6105163584364225e-17,2407,446.4176790167952,-4.5625589876437949e-10,-2.0785444789341812e-21,0,2.1302937976946294e-18,32.887386841751528,178.28476499764349,178.28476499764349,3.1040890981252016e-23,0.044658096516415342,0.044658096516415342,0,0,1.3974838745778614e-17,399,399,0,-0.00028961611856357814,0.0089408282218264908,1.1560471512007189e-06,4.7385902362607506e-12,1.7163132211910016e-09
1.6103115346562156e-17,2413,459.73361393183274,-4.3643152165325814e-10,-2.0482378020713118e-21,0,2.108520300367908e-18,33.852242035679794,178.28476499764349,178.28476499764349,-2.9511993366076749e-23,0.042626685484120741,-0.042626685484120741,0,0,1.3994624558187612e-17,400,400,0,-0.00028847337677976117,0.0088425324235269533,1.3866561161746449e-06,4.7396469817923809e-12,1.7210528681727939e-09
1.6101197133483886e-17,2419,444.21128441450918,-3.96244950988022e-10,-1.9182130782677144e-21,0,2.0939442358683539e-18,35.351155641604691,178.28476499764349,178.28476499764349,-3.8901498155307061e-23,0.056003171612196895,-0.056003171612196895,0,0,1.4007291799113688e-17,401,401,0,-0.00028942927870146621,0.0088827228517555732,1.1427386981963688e-06,4.8017788030561309e-12,1.72585464697585e-09
1.6099426844069439e-17,2425,418.57550654094086,-3.7234177218420929e-10,-1.7702894144471338e-21,0,2.0860994341079376e-18,36.965374649606915,178.28476499764349,178.28476499764349,2.1119517695131286e-23,0.030049704982238811,0.030049704982238811,0,0,1.4013306290443809e-17,402,402,0,-0.0002928414453598702,0.0090587419168351706,1.1098121818904717e-06,4.8640871780930841e-12,1.7307187341539432e-09
1.609769169599367e-17,2431,410.56602255367272,-3.7930144883809777e-10,-1.7351480757720042e-21,0,2.0830561644821017e-18,37.988243366022083,178.28476499764349,178.28476499764349,4.4162162455840765e-23,0.062216390736566055,0.062216390736566055,0,0,1.4014591369349109e-17,403,403,0,-0.00029575648483336594,0.0093600240335497444,1.4579019971984007e-06,4.8662136051377312e-12,1.7355849477590809e-09
1.6095915842505888e-17,2437,428.73401647261664,-3.8683148675870633e-10,-1.7758534877795355e-21,0,2.0829787809829831e-18,38.646696939310331,178.28476499764349,178.28476499764349,-1.1886746785450215e-23,0.016677834668221803,-0.016677834668221803,0,0,1.4012948948269691e-17,404,404,0,-0.00029696967616790287,0.0097717754718968982,1.4135611996524009e-06,4.8376131432934553e-12,1.7404225609023743e-09
1.6094138653710606e-17,2443,457.76296325580353,-3.7646684968014825e-10,-1.777188795283139e-21,0,2.0849755943404216e-18,38.936751930796007,178.28476499764349,178.28476499764349,-4.7238537127482816e-23,0.06585067446841647,-0.06585067446841647,0,0,1.4009210297907311e-17,405,405,0,-0.0002988993501130709,0.01028674633918626,5.5994426468412414e-07,4.8675377912408532e-12,1.7452900986936152e-09
1.6092389981482785e-17,2449,477.18034807752355,-3.7336949974697255e-10,-1.7486722278185116e-21,0,2.0882147040005803e-18,38.446368528919358,178.28476499764349,178.28476499764349,3.163048295486278e-24,0.0043503548471092298,0.0043503548471092298,0,0,1.400417211443391e-17,406,406,0,-0.00030294926186577109,0.010897285055511357,-3.7135415110592176e-07,4.9266353588844455e-12,1.7502167340524996e-09
1.6090582497318141e-17,2455,468.58689251288661,-3.985545666841009e-10,-1.807484164644091e-21,0,2.0911078490588879e-18,37.548390008920116,178.28476499764349,178.28476499764349,4.8987415207311099e-23,0.066592413691425642,0.066592413691425642,0,0,1.3999425660844047e-17,407,407,0,-0.00030651273728609708,0.011584294393502306,-6.7222363823966891e-07,4.9360376447288407e-12,1.7551527716972284e-09
1.608863363249746e-17,2461,422.18818054588775,-4.2297808798703136e-10,-1.9488648206821092e-21,0,2.0922465931804311e-18,36.611368530816037,178.28476499764349,178.28476499764349,4.8469483861928686e-24,0.0065704279823950041,0.0065704279823950041,0,0,1.3996382192368644e-17,408,408,0,-0.00030737142740039776,0.012331582475046465,-9.6647789046320826e-07,4.9362573246090173e-12,1.7600890290218375e-09
1.6086624757381426e-17,2467,347.72229080756432,-4.153948694819774e-10,-2.0088751160351449e-21,0,2.0913649061826003e-18,35.60972058621919,178.28476499764349,178.28476499764349,-4.8457225289358795e-23,0.065655570883753414,-0.065655570883753414,0,0,1.3995308308424113e-17,409,409,0,-0.00030752166595243848,0.013130926764117904,-2.0514867685612657e-06,4.976398328412391e-12,1.7650654273502498e-09
1.6084694360607455e-17,2473,304.31572673254999,-3.9580714665819459e-10,-1.9303967739706084e-21,0,2.0894639625188743e-18,34.797510670589737,178.28476499764349,178.28476499764349,-1.1448502417430001e-23,0.015421918892784233,-0.015421918892784233,0,0,1.3995241846590998e-17,410,410,0,-0.0003093136057684819,0.013964496948310959,-3.2041797680883096e-06,4.993103213726719e-12,1.7700585305639766e-09
1.6082836896081625e-17,2479,302.26522167609983,-3.9679855040505987e-10,-1.8574645258289784e-21,0,2.0875532911205761e-18,34.137584726391381,178.28476499764349,178.28476499764349,4.7224858410097876e-23,0.063296283935346934,0.063296283935346934,0,0,1.3995236380102639e-17,411,411,0,-0.00031087171495944885,0.014804824560884246,-3.2933449491240422e-06,4.934122614507148e-12,1.7749926531784838e-09
1.6080959836242371e-17,2485,355.30514140744094,-4.0479304575574289e-10,-1.8770598392547337e-21,0,2.0853690857919748e-18,33.638541670927687,178.28476499764349,178.28476499764349,1.9887962460547672e-23,0.026764086039409496,0.026764086039409496,0,0,1.3995570862487936e-17,412,412,0,-0.00030961830764655336,0.01563941602771764,-2.9261392645130097e-06,4.8861640135477807e-12,1.7798788171920316e-09
1.6079083314544114e-17,2491,419.77408196302287,-3.9164803147101313e-10,-1.8765216982565958e-21,0,2.0816669254691649e-18,33.412607986116249,178.28476499764349,178.28476499764349,-4.2955554648530725e-23,0.058297342861288792,-0.058297342861288792,0,0,1.3997459344629599e-17,413,413,0,-0.00030701481219836513,0.016466657691775029,-3.4038884358833578e-06,4.9060182676196009e-12,1.7847848354596511e-09
1.6077293706434221e-17,2497,441.5675433420439,-3.7272174036963985e-10,-1.7896081098920059e-21,0,2.0752769219474775e-18,32.977586153405582,178.28476499764349,178.28476499764349,-2.7192993888327648e-23,0.037012040369580411,-0.037012040369580411,0,0,1.4002043977480634e-17,414,414,0,-0.00030612778995696768,0.017274512253037149,-4.3206619798068762e-06,4.9281024679421737e-12,1.7897129379275932e-09
1.6075537099555235e-17,2503,478.43641566094141,-3.8225404786052872e-10,-1.7566068789866537e-21,0,2.0665609542069245e-18,32.53995289614727,178.28476499764349,178.28476499764349,3.8224657509912232e-23,0.051974595770347465,0.051974595770347465,0,0,1.4008937920690802e-17,415,415,0,-0.00030643702741820053,0.018046891094331233,-4.1376484140840024e-06,4.9222043496704132e-12,1.7946351422772636e-09
1.6073667291976739e-17,2509,471.62350134686761,-4.0821169604170875e-10,-1.8698075784954201e-21,0,2.0576083347972406e-18,32.712086770637264,178.28476499764349,178.28476499764349,3.3397353632245106e-23,0.045593099500049653,0.045593099500049653,0,0,1.4016025559825867e-17,416,416,0,-0.00030521206423843279,0.018776762794315647,-3.0454215655927027e-06,4.9481190370526035e-12,1.7995832613143161e-09
1.6071716127691102e-17,2515,431.14748419115801,-4.0641677009207266e-10,-1.9511642856381901e-21,0,2.05102955314252e-18,33.027534149246854,178.28476499764349,178.28476499764349,-3.2791377478132003e-23,0.045111766495100139,-0.045111766495100139,0,0,1.402071936592606e-17,417,417,0,-0.00030287162332035293,0.01944876261270076,-2.7924962320026316e-06,4.9674221731835509e-12,1.8045506834874996e-09
1.606984885027298e-17,2521,373.50286167568891,-3.7428023106285193e-10,-1.8672774181204164e-21,0,2.0482593782316077e-18,33.468310554941027,178.28476499764349,178.28476499764349,-3.750255231811252e-23,0.051673128771999262,-0.051673128771999262,0,0,1.402162697459369e-17,418,418,0,-0.00030240211570759613,0.02004784616656342,-3.4641034765611889e-06,5.0047352232943524e-12,1.8095554187107939e-09
1.6068142215475153e-17,2527,326.59945164524555,-3.5528435148911089e-10,-1.7066347978279315e-21,0,2.0483104899003733e-18,34.481839954783709,178.28476499764349,178.28476499764349,2.7734405536001696e-23,0.038034359443218382,0.038034359443218382,0,0,1.4019803991169242e-17,419,419,0,-0.00030383060148341895,0.020546240350346943,-3.1728786252549133e-06,4.9599150913800051e-12,1.8145153338021739e-09
1.606647294889298e-17,2533,293.23873046643223,-3.6499201521270968e-10,-1.6692665821743148e-21,0,2.0487180305703864e-18,35.562980504313778,178.28476499764349,178.28476499764349,4.2373390759054751e-23,0.058038946655577343,0.058038946655577343,0,0,1.4017712544931834e-17,420,420,0,-0.00030420227278959939,0.020926579637940687,-1.6453412800300732e-06,4.8929102582646169e-12,1.8194082440604386e-09
1.6064752199821663e-17,2539,314.54199110620436,-3.7174972399350483e-10,-1.7207490713165063e-21,0,2.0486154110205072e-18,36.394000196325578,178.28476499764349,178.28476499764349,-1.9487285720996298e-23,0.026793582500906684,-0.026793582500906684,0,0,1.4016156276086878e-17,421,421,0,-0.00030304653673966417,0.021178444372324325,-7.7246352341240101e-07,4.8812092277855536e-12,1.8242894532882242e-09
1.6063050020757117e-17,2545,317.21379688345945,-3.5854098419853558e-10,-1.7021790645462091e-21,0,2.0494501710397382e-18,37.021539225976902,178.28476499764349,178.28476499764349,-4.6060397066116193e-23,0.063326667847178109,-0.063326667847178109,0,0,1.4013645910114446e-17,422,422,0,-0.00030306082355692054,0.021287871714123292,-1.2068426696832953e-06,4.8796873837428119e-12,1.8291691406719671e-09
1.6061434193179123e-17,2551,299.44567713680107,-3.4745010949364418e-10,-1.6158275779953704e-21,0,2.0534279330886339e-18,37.264800498076731,178.28476499764349,178.28476499764349,9.7284692610451344e-24,0.013278962393091519,0.013278962393091519,0,0,1.4007996531621228e-17,423,423,0,-0.00030525945768758656,0.021245326990764837,-1.1945045189054022e-06,4.8297377999209056e-12,1.8339988784718881e-09
1.6059846610356412e-17,2557,269.41884507014879,-3.5001200731799981e-10,-1.5875828227084572e-21,0,2.0615242256135394e-18,37.205149661449539,178.28476499764349,178.28476499764349,4.8979144216125993e-23,0.066414640964706603,0.066414640964706603,0,0,1.3998273405598658e-17,424,424,0,-0.00030728129310472871,0.021049991981162645,1.91600885219068e-07,4.7913971016005952e-12,1.8387902755734888e-09
1.6058260471320763e-17,2563,275.01030332498624,-3.4121992588102709e-10,-1.5861390356509814e-21,0,2.0728031585010881e-18,37.060854271452229,178.28476499764349,178.28476499764349,2.5189107566518597e-24,0.0034125824960568639,0.0034125824960568639,0,0,1.3985454793908916e-17,425,425,0,-0.00030755187598180335,0.020704689027801561,1.4400129615831429e-06,4.7897566726535605e-12,1.8435800322461422e-09
1.6056794808413068e-17,2569,261.2594827652959,-3.0502479773717824e-10,-1.4656629076939024e-21,0,2.0850117723800788e-18,36.834556169463113,178.28476499764349,178.28476499764349,-4.8319028298119575e-23,0.065427529612308494,-0.065427529612308494,0,0,1.3971831355061286e-17,426,426,0,-0.00030771341325049913,0.020223931744157382,1.3021708873986973e-06,4.7547549140277704e-12,1.8483347871601701e-09
1.6055530651443351e-17,2575,245.15030825373404,-2.7085911847468727e-10,-1.2641569697184238e-21,0,2.0958489178078897e-18,36.53329344006562,178.28476499764349,178.28476499764349,-1.677273514723063e-23,0.022586174309237882,-0.022586174309237882,0,0,1.3959698506370606e-17,427,427,0,-0.00030942113299021497,0.019633403099953758,9.309624983341549e-07,4.6846898614634508e-12,1.8530194770216335e-09
1.6054350483510703e-17,2581,258.97989390149212,-2.7218166302727692e-10,-1.1801679326481366e-21,0,2.1040563522770062e-18,36.240939406478645,178.28476499764349,178.28476499764349,4.350930906548555e-23,0.058227868131992461,0.058227868131992461,0,0,1.395025062192463e-17,428,428,0,-0.0003113436805927909,0.018952105022511122,1.7494750271213647e-06,4.6748862872420258e-12,1.8576943633088755e-09
1.6053093242972214e-17,2587,273.03622476390547,-2.9680725843259554e-10,-1.2572405384859515e-21,0,2.109443749722896e-18,36.005355893713656,178.28476499764349,178.28476499764349,3.0695251920390344e-23,0.041082402790910029,0.041082402790910029,0,0,1.3943618797997397e-17,429,429,0,-0.00031131792279181071,0.0182050795261329,3.133574591855977e-06,4.6849486615128134e-12,1.8623793119703882e-09
1.605175202478913e-17,2593,305.99234419651958,-3.074900997306574e-10,-1.3412181830864167e-21,0,2.1121773491147372e-18,35.685052967560736,178.28476499764349,178.28476499764349,-3.3311568244897332e-23,0.044784076878397527,-0.044784076878397527,0,0,1.3939607987242636e-17,430,430,0,-0.00030992756956296351,0.017429694219417882,3.5779283795950747e-06,4.6492638592801729e-12,1.8670285758296682e-09
1.6050401616287854e-17,2599,317.03585954540824,-3.0189965395943499e-10,-1.3504085012749204e-21,0,2.1122124202089927e-18,35.151785960407324,178.28476499764349,178.28476499764349,-4.1532444571612707e-23,0.055899148452898152,-0.055899148452898152,0,0,1.3938230728523433e-17,431,431,0,-0.00030957869157438475,0.016646292897114959,3.1903671247481179e-06,4.6689513537344456e-12,1.8716975271834025e-09
1.6049041929317791e-17,2605,345.09893539221883,-3.1083485576096451e-10,-1.3596869700634533e-21,0,2.1095229469569821e-18,34.609743123762094,178.28476499764349,178.28476499764349,2.0586963441232451e-23,0.027609192972804099,0.027609192972804099,0,0,1.3939498395397368e-17,432,432,0,-0.00031069004596756149,0.015877677935725316,3.3045259855188488e-06,4.719743864954982e-12,1.8764172710483576e-09
1.6047581800386776e-17,2611,338.8280338423171,-3.4230890705280432e-10,-1.460128931013758e-21,0,2.1050565239740435e-18,34.272491199685355,178.28476499764349,178.28476499764349,4.7806790655215297e-23,0.064023676261502072,0.064023676261502072,0,0,1.3942477469622078e-17,433,433,0,-0.00031112702783547033,0.015158003481315284,4.1403894397130837e-06,4.7166356923722258e-12,1.8811339067407297e-09
1.6045971591694156e-17,2617,310.53502265700223,-3.6485728740548317e-10,-1.6102086926206989e-21,0,2.1006759116159499e-18,34.203019049896426,178.28476499764349,178.28476499764349,-6.802251690207017e-24,0.0091419482281796076,-0.0091419482281796076,0,0,1.3945302482329897e-17,434,434,0,-0.00031002927022161892,0.01450409227665073,4.397261295409505e-06,4.7393276451983337e-12,1.8858732343859279e-09
1.604430641772877e-17,2623,309.29094912730613,-3.5696885181385985e-10,-1.6651739653873529e-21,0,2.0989557581818294e-18,34.482812852358329,178.28476499764349,178.28476499764349,-4.9466948579235171e-23,0.066593232047942874,-0.066593232047942874,0,0,1.3945400126495519e-17,435,435,0,-0.00030950935914694642,0.013926155482704997,3.3672125192976757e-06,4.8048401716921795e-12,1.8906780745576202e-09
1.6042704797454263e-17,2629,326.53737767457494,-3.4226459291916695e-10,-1.6016202745054823e-21,0,2.1019417370033691e-18,34.951674531041256,178.28476499764349,178.28476499764349,-4.9316560278549823e-24,0.0066036588262322841,-0.0066036588262322841,0,0,1.3940767992106922e-17,436,436,0,-0.00031116941870320587,0.013437655540426178,2.0087329565237269e-06,4.8259586026199607e-12,1.8955040331602401e-09
1.6041123451472593e-17,2635,384.4025795064652,-3.4688187996257731e-10,-1.5813459816686954e-21,0,2.1103195396922321e-18,35.498047636014022,178.28476499764349,178.28476499764349,4.8970929200312207e-23,0.065166463374938408,0.065166463374938408,0,0,1.3930754940851162e-17,437,437,0,-0.00031311433483922853,0.013036275780052588,1.2230752550962188e-06,4.8480203485061094e-12,1.9003520535087461e-09
1.6039478073032666e-17,2641,386.66804156354908,-3.5124792603135723e-10,-1.6453784399271625e-21,0,2.1240148718146142e-18,36.118471974535474,178.28476499764349,178.28476499764349,1.4369081314072426e-23,0.01912301069689586,0.01912301069689586,0,0,1.3915448832136739e-17,438,438,0,-0.00031308444622531536,0.012707653662290245,3.6976373419959902e-07,4.9323276678130612e-12,1.9052843811765593e-09
1.6037862278354353e-17,2647,371.02811576952428,-3.2432837246816548e-10,-1.6157946783132181e-21,0,2.1420146656966876e-18,36.479128110888695,178.28476499764349,178.28476499764349,-4.6866185670210442e-23,0.062497777126220809,-0.062497777126220809,0,0,1.3895894478843337e-17,439,439,0,-0.00031245235047560184,0.012437883235449403,-1.4142862506637903e-06,5.003887812604335e-12,1.9102882689891638e-09
1.6036432414130422e-17,2653,348.27239533347529,-2.8612458511723578e-10,-1.4298642239320572e-21,0,2.1615880720573991e-18,36.637712450308165,178.28476499764349,178.28476499764349,-2.0367386388711581e-23,0.027046734859365009,-0.027046734859365009,0,0,1.3874864709459412e-17,440,440,0,-0.00031376841010287405,0.012211995132628,-3.3621975869391098e-06,4.9918322991181728e-12,1.9152801012882818e-09
1.6035126586736201e-17,2659,282.85734257293421,-2.7766078483382343e-10,-1.3058273942185602e-21,0,2.1786143994726518e-18,36.880655949969672,178.28476499764349,178.28476499764349,4.4752261010363756e-23,0.059061545650954811,0.059061545650954811,0,0,1.3856467435002541e-17,441,441,0,-0.00031571770117879225,0.012010526524077835,-4.2251162669115607e-06,5.0018534091095116e-12,1.9202819546973913e-09
1.6033778199592006e-17,2665,287.30423711155265,-2.9011954766247645e-10,-1.3483871441968092e-21,0,2.1885845815889421e-18,36.956389308543635,178.28476499764349,178.28476499764349,2.5184335365728969e-23,0.033281496975921837,0.033281496975921837,0,0,1.3845168433667699e-17,442,442,0,-0.00031529450362899342,0.011819106801517031,-4.2705031565714186e-06,5.066381792736239e-12,1.9253483364901277e-09
1.6032394196787024e-17,2671,358.00156707363379,-2.83242833303753e-10,-1.3840028049829764e-21,0,2.1881400959563985e-18,36.970414661887801,178.28476499764349,178.28476499764349,-4.2599417791734014e-23,0.056650748779054232,-0.056650748779054232,0,0,1.3844296700248416e-17,443,443,0,-0.00031331902571049211,0.011635172196311215,-4.5467673040573757e-06,5.1074403656928599e-12,1.9304557768558205e-09
1.6031090933718351e-17,2677,360.29913408869464,-2.6260184298634807e-10,-1.3032630686707448e-21,0,2.1761692680652772e-18,37.02876090372331,178.28476499764349,178.28476499764349,-2.7315692317180874e-23,0.036370690801613426,-0.036370690801613426,0,0,1.3854948981345393e-17,444,444,0,-0.00031293159999548766,0.011466036993302439,-4.7710014554086227e-06,5.1287533016671044e-12,1.9355845301574875e-09
1.6029851325072732e-17,2683,325.90282291835308,-2.6436131689652959e-10,-1.239608645622251e-21,0,2.1536634420277658e-18,36.750927884601708,178.28476499764349,178.28476499764349,4.1089688757994198e-23,0.054625290030635168,0.054625290030635168,0,0,1.3876146793356206e-17,445,445,0,-0.00031342082832997668,0.011328711476844363,-3.9206342078677229e-06,5.1042776261880264e-12,1.9406888077836756e-09
1.602854831554604e-17,2689,288.56976300279194,-2.7915245481770753e-10,-1.3030095266916084e-21,0,2.1228034108926281e-18,36.406477822571411,178.28476499764349,178.28476499764349,2.9539671123177857e-23,0.039490690914137608,0.039490690914137608,0,0,1.3905715364982289e-17,446,446,0,-0.00031167335937692475,0.01124409229364586,-2.3803414977505296e-06,5.1233595649924045e-12,1.945812167348668e-09
1.6027215311479874e-17,2695,277.71185651920104,-2.677440129338861e-10,-1.3330040661635271e-21,0,2.0864471124178768e-18,36.024104337274935,178.28476499764349,178.28476499764349,-3.9355706914049815e-23,0.053163239572451476,-0.053163239572451476,0,0,1.3940807554768912e-17,447,447,0,-0.00030845018749912272,0.011238155628184025,-1.4342366182761967e-06,5.1693720724859035e-12,1.950981539421154e-09
1.6025997408499276e-17,2701,307.9174404125514,-2.4161792056523684e-10,-1.2179029805998505e-21,0,2.0481866092972181e-18,35.160492402784378,178.28476499764349,178.28476499764349,-2.9987153185703332e-23,0.040659109844998653,-0.040659109844998653,0,0,1.3977840786355241e-17,448,448,0,-0.00030730252601062261,0.01133607534732213,-1.097871222733235e-06,5.1744623975694807e-12,1.9561560018187236e-09
1.6024858577260881e-17,2707,327.57756222550637,-2.4538853657010906e-10,-1.1388312383943072e-21,0,2.0123297268273386e-18,34.298881174244563,178.28476499764349,178.28476499764349,3.8296230905218344e-23,0.051830351713323973,0.051830351713323973,0,0,1.401249055420264e-17,449,449,0,-0.0003078652247128977,0.011553609517152653,-3.7704573444117461e-07,5.1343476978883453e-12,1.9612903495166118e-09
1.6023622386586001e-17,2713,327.97158385520697,-2.7138476639839709e-10,-1.2361906748796036e-21,0,1.9829139371529791e-18,33.692565333526723,178.28476499764349,178.28476499764349,3.1496856602726135e-23,0.042757049468709341,0.042757049468709341,0,0,1.4040676952576422e-17,450,450,0,-0.00030693629270984172,0.01190057871500892,5.4324162766594181e-07,5.1483265903681246e-12,1.9664386761069799e-09
1.6022291908277764e-17,2719,272.69656952514293,-2.7396586497844897e-10,-1.3304783082360178e-21,0,1.9630169930091421e-18,33.11824179745944,178.28476499764349,178.28476499764349,-3.7062319081394288e-23,0.050629337415303746,-0.050629337415303746,0,0,1.4059311977587704e-17,451,451,0,-0.00030501353047363461,0.012377468810201735,4.7805423410678791e-07,5.1747544371142568e-12,1.9716134305440943e-09
1.6021019275524856e-17,2725,240.69156594158471,-2.5591937139046209e-10,-1.2726327529112456e-21,0,1.9535024608186901e-18,33.040836492051881,178.28476499764349,178.28476499764349,-3.2169294647933802e-23,0.043877021901551939,-0.043877021901551939,0,0,1.4067548984000812e-17,452,452,0,-0.00030548729583433209,0.012970699824479372,-4.4564087568212321e-07,5.168504291122617e-12,1.9767819348352168e-09
1.6019794935171832e-17,2731,234.27039971361646,-2.5942810350623231e-10,-1.2243403530241605e-21,0,1.9540642061759102e-18,33.548236244644542,178.28476499764349,178.28476499764349,3.6788773898210274e-23,0.049767232369207666,0.049767232369207666,0,0,1.4065693940222022e-17,453,453,0,-0.00030800699699759483,0.013664233052043069,-8.1902267375675363e-07,5.1828516804085253e-12,1.9819647865156254e-09
1.6018478327769725e-17,2737,259.9138911504989,-2.8131545856231885e-10,-1.3166074021054738e-21,0,1.9651456879059976e-18,34.144957664168935,178.28476499764349,178.28476499764349,3.2670223157760514e-23,0.044028585134909065,0.044028585134909065,0,0,1.405329996964057e-17,454,454,0,-0.00030917625312491321,0.014439117903860748,-5.5994337784197345e-07,5.2237720473413798e-12,1.9871885585629667e-09
1.601710096974828e-17,2743,321.27456714416519,-2.7845712019510164e-10,-1.3773580214454615e-21,0,1.9861957380243423e-18,34.835507506052174,178.28476499764349,178.28476499764349,-3.7152097349927949e-23,0.050066580792857383,-0.050066580792857383,0,0,1.4030942383821287e-17,455,455,0,-0.00030918909015404371,0.015261255945824299,-1.0756412624925027e-06,5.2154059359760089e-12,1.9924039644989428e-09
1.6015811534420575e-17,2749,351.11564817708017,-2.5651459429406124e-10,-1.2894353277065621e-21,0,2.0137324524890696e-18,35.767717857634977,178.28476499764349,178.28476499764349,-3.2986180662132958e-23,0.04415903755522485,-0.04415903755522485,0,0,1.4002112068112165e-17,456,456,0,-0.00031124414623768067,0.016098993132065729,-2.2839008638825182e-06,5.1925951370842225e-12,1.9975965596360271e-09
1.601459888421796e-17,2755,364.28652461674238,-2.5990128072331978e-10,-1.2126502026108597e-21,0,2.0423919214035189e-18,36.700924610416948,178.28476499764349,178.28476499764349,3.6867958429346259e-23,0.048800568147295199,0.048800568147295199,0,0,1.3972170094856012e-17,457,457,0,-0.00031478423159325805,0.01691809434782628,-2.4927998241778916e-06,5.1300066031557101e-12,2.0027265662391828e-09
1.6013309130774398e-17,2761,382.57982252456907,-2.8416745080011131e-10,-1.289753443564409e-21,0,2.0682820963481101e-18,37.420634006125056,178.28476499764349,178.28476499764349,3.5740725630313124e-23,0.04707279972255294,0.04707279972255294,0,0,1.3944991293700656e-17,458,458,0,-0.00031636038434938529,0.017698733002948844,-1.6694874466630729e-06,5.0874653956412365e-12,2.0078140316348239e-09
1.6011945105984419e-17,2767,374.67347704413709,-2.8334308616062298e-10,-1.3640247899770671e-21,0,2.0894879380877949e-18,37.921311820672479,178.28476499764349,178.28476499764349,-3.4350366070280341e-23,0.045305782751446096,-0.045305782751446096,0,0,1.3922491518262697e-17,459,459,0,-0.00031591226682493151,0.018428095479692892,-1.4822894093795366e-06,5.0831386735790929e-12,2.0128971703084031e-09
1.6010675132175933e-17,2773,347.09940873534822,-2.5470722369788711e-10,-1.2699738084875691e-21,0,2.1048858293388557e-18,37.846191523477366,178.28476499764349,178.28476499764349,-3.8572667675668802e-23,0.050804529595815669,-0.050804529595815669,0,0,1.3905827875504752e-17,460,460,0,-0.00031634866010428405,0.01908716676976736,-1.950153383684489e-06,5.0592763490565704e-12,2.0179564466574595e-09
1.6009546311532166e-17,2779,307.74003165975188,-2.3948890106556882e-10,-1.1288206437681758e-21,0,2.1140599538746577e-18,36.671523282711981,178.28476499764349,178.28476499764349,3.021185756708797e-23,0.039635318955367642,0.039635318955367642,0,0,1.3895456145799939e-17,461,461,0,-0.00031760243939155716,0.019655927592598526,-1.2135464867095502e-06,4.9903365115832548e-12,2.0229467831690427e-09
1.6008436632090796e-17,2785,287.0984664086111,-2.4474495931760551e-10,-1.1096794413691073e-21,0,2.1173109725324822e-18,34.654113668447472,178.28476499764349,178.28476499764349,4.2718284315041065e-23,0.05620408200179508,0.05620408200179508,0,0,1.3891082941273998e-17,462,462,0,-0.00031669025624686233,0.020126080590576668,9.0344028505828341e-07,4.9726362814402707e-12,2.0279194194504829e-09
1.6007309523612043e-17,2791,287.98523370082893,-2.3641490020111788e-10,-1.1271084787525812e-21,0,2.1150278323511419e-18,32.637369512517793,178.28476499764349,178.28476499764349,-2.4533042030126448e-23,0.032633571929794929,-0.032633571929794929,0,0,1.389230622430293e-17,463,463,0,-0.00031323879800457195,0.020487147127467027,2.3887682671424287e-06,5.0284570542799444e-12,2.032947876504763e-09
1.6006276422384586e-17,2797,268.16257553150734,-2.0990702448813824e-10,-1.0331012274579121e-21,0,2.108197806310057e-18,31.382660852978823,178.28476499764349,178.28476499764349,-4.4325516905313978e-23,0.059505129389093164,-0.059505129389093164,0,0,1.3898122941591433e-17,464,464,0,-0.00031037602248453226,0.020718813984635123,2.5082122411574996e-06,5.0550395444908503e-12,2.0380029160492538e-09
1.6005337041051999e-17,2803,254.88524734202733,-2.0387854026319652e-10,-9.3938133258704609e-22,0,2.0989582603678395e-18,31.459545516039842,178.28476499764349,178.28476499764349,2.0540159199053822e-23,0.027680545996512214,0.027680545996512214,0,0,1.390635824052496e-17,465,465,0,-0.00030918464062634548,0.020805357879951476,3.0242243101820745e-06,5.0849261729624518e-12,2.0430878422222163e-09
1.6004324293037752e-17,2809,266.16411166252107,-2.2730552284177684e-10,-1.0127480142475477e-21,0,2.0900231525562805e-18,32.818460268278052,178.28476499764349,178.28476499764349,4.4800340843658431e-23,0.060793355811134209,0.060793355811134209,0,0,1.3914256340140626e-17,466,466,0,-0.00030705343430710027,0.020730795731489844,4.5155541933128006e-06,5.1822007484928639e-12,2.0482700429707093e-09
1.6003226137632936e-17,2815,277.22651138891547,-2.3613679676284722e-10,-1.0981554048156375e-21,0,2.0837228155654754e-18,34.474906187515586,178.28476499764349,178.28476499764349,-1.8287172593083605e-23,0.025117849946274702,-0.025117849946274702,0,0,1.3919521609240052e-17,467,467,0,-0.00030335618945945985,0.020489470660545142,4.8800533765369684e-06,5.0954850687789209e-12,2.0533655280394881e-09
1.6002179277439082e-17,2821,280.04906711187789,-2.1464008692269625e-10,-1.0468601938532436e-21,0,2.080300576945256e-18,35.780290875279988,178.28476499764349,178.28476499764349,-4.5432788337125726e-23,0.06287596362299068,-0.06287596362299068,0,0,1.3921924133282164e-17,468,468,0,-0.00030107416861726904,0.020084933091120621,3.4642964373970532e-06,5.0404498662324994e-12,2.0584059779057206e-09
1.600124165320497e-17,2827,268.70179878466342,-1.9998807168158215e-10,-9.376242341125552e-22,0,2.0789230976450697e-18,36.651408576081586,178.28476499764349,178.28476499764349,1.3613406296071662e-23,0.018821900427464903,0.018821900427464903,0,0,1.3922304942153604e-17,469,469,0,-0.00030136450063710104,0.019521076435322075,2.2723413888227812e-06,5.0440023722315603e-12,2.063449980277952e-09
1.6000307894554246e-17,2833,232.42914333950185,-2.1334009399653812e-10,-9.3375865072348537e-22,0,2.0785964044065354e-18,37.089227929406739,178.28476499764349,178.28476499764349,4.6954878013035759e-23,0.064855205198271676,0.064855205198271676,0,0,1.3921664535269698e-17,470,470,0,-0.00030166480000519815,0.018817031988833985,2.2981717481462808e-06,5.0193735177840918e-12,2.068469353795736e-09
1.5999304995095618e-17,2839,255.00814480920135,-2.2417416751426408e-10,-1.002899458627882e-21,0,2.0785819378120574e-18,37.329185446154618,178.28476499764349,178.28476499764349,-7.5973083281139201e-24,0.01053091353261675,-0.01053091353261675,0,0,1.392073065459189e-17,471,471,0,-0.00030059549220577816,0.018002171181578062,1.9996415273766449e-06,4.9737974746611773e-12,2.0734431512703972e-09
1.5998306338491764e-17,2845,293.02019055005286,-2.111365740124879e-10,-9.9865660385478082e-22,0,2.0784815241432397e-18,37.623904116107219,178.28476499764349,178.28476499764349,-4.7797539017943604e-23,0.066306531658874526,-0.066306531658874526,0,0,1.3919872611887542e-17,472,472,0,-0.00030035715576153557,0.017097900190931582,5.3757095596693865e-07,4.9941643730236986e-12,2.078437315643421e-09
1.5997372506475139e-17,2851,314.3909169480786,-2.0137976964195572e-10,-9.3383201662386646e-22,0,2.0780800981488461e-18,37.734238346246769,178.28476499764349,178.28476499764349,2.2133067802114062e-24,0.0030494722263588463,0.0030494722263588463,0,0,1.3919290195019513e-17,473,473,0,-0.00030241664457540337,0.016134613136135029,-6.5503426014078138e-07,5.0478868893153198e-12,2.0834852025327364e-09
1.5996416612327462e-17,2857,323.13949264431983,-2.1882394457127908e-10,-9.5589414767655248e-22,0,2.0773978043434315e-18,37.497952186785831,178.28476499764349,178.28476499764349,4.86611799664748e-23,0.066601747081013671,0.066601747081013671,0,0,1.3918970146804063e-17,474,474,0,-0.00030442882568887126,0.015162168238033534,-5.9309450728276264e-07,5.0588453595389803e-12,2.0885440478922755e-09
1.5995348066929459e-17,2863,311.58591280880415,-2.3511508795902377e-10,-1.0685453980026611e-21,0,2.0768202361256166e-18,37.222976313830429,178.28476499764349,178.28476499764349,1.5154395311734076e-24,0.0020746699541912758,0.0020746699541912758,0,0,1.3918526315364312e-17,475,475,0,-0.00030435353667378429,0.014217942779858774,-5.5594974578177549e-07,5.1026492254398491e-12,2.0936466971177155e-09
1.5994249817155891e-17,2869,274.99459268920884,-2.2175378056067206e-10,-1.098249773567601e-21,0,2.076712105704728e-18,36.980764759797687,178.28476499764349,178.28476499764349,-4.8601445522748186e-23,0.066570922280913297,-0.066570922280913297,0,0,1.3917586312896687e-17,476,476,0,-0.00030419591027582997,0.013333989176437666,-1.6589529975022742e-06,5.2107251301211543e-12,2.0988574222478369e-09
1.5993248742516286e-17,2875,299.63026538509291,-2.0792038385311496e-10,-1.0010746396054214e-21,0,2.0770045447012295e-18,36.741329389592075,178.28476499764349,178.28476499764349,-1.8348336195616522e-24,0.0024974751098470775,-0.0024974751098470775,0,0,1.3916246032648678e-17,477,477,0,-0.00030611476572340045,0.01257055308932313,-2.8885484756354769e-06,5.1848799949887924e-12,2.1040423022428258e-09
1.5992243900317728e-17,2881,308.31411948311899,-2.2337265308038208e-10,-1.0048421985593001e-21,0,2.0777346820451116e-18,36.691600868473486,178.28476499764349,178.28476499764349,4.918228784187576e-23,0.066534827062788321,0.066534827062788321,0,0,1.3914460035984773e-17,478,478,0,-0.00030799839480722947,0.011948585103078665,-3.2730782151752709e-06,5.1840285057581731e-12,2.1092263307485841e-09
1.5991149775891764e-17,2887,282.21003899094092,-2.372093954862881e-10,-1.094124425964707e-21,0,2.0794261242346886e-18,36.834663260474017,178.28476499764349,178.28476499764349,3.152573145270351e-24,0.0042702736919339535,0.0042702736919339535,0,0,1.3911720499083929e-17,479,479,0,-0.00030760842012156732,0.011484090147562669,-3.5796065058718766e-06,5.1442636991078965e-12,2.1143705944476922e-09
1.5990083603019355e-17,2893,248.76367812708722,-2.1838877167907747e-10,-1.0661728724065406e-21,0,2.0818350354987329e-18,36.99938308893055,178.28476499764349,178.28476499764349,-4.8797079762921662e-23,0.066230784965066972,-0.066230784965066972,0,0,1.3908297364600385e-17,480,480,0,-0.00030698891125333186,0.011175508466599617,-4.4654332999261774e-06,5.070943565153508e-12,2.1194415380128455e-09
1.5989148876105937e-17,2899,268.94333160361373,-1.9627599216078892e-10,-9.3472691341779689e-22,0,2.0831975896302627e-18,36.688058652239881,178.28476499764349,178.28476499764349,-7.7908747111438044e-24,0.010528333378280023,-0.010528333378280023,0,0,1.3905959077350388e-17,481,481,0,-0.0003083296928084735,0.011005922675969405,-5.0235609884491468e-06,5.0321074708853874e-12,2.1244736454837309e-09
1.5988246683102923e-17,2905,273.48923369526307,-2.0520497189584607e-10,-9.0219300301489899e-22,0,2.0817756241471617e-18,35.520207783301124,178.28476499764349,178.28476499764349,4.8477814468883151e-23,0.065220523023677521,0.065220523023677521,0,0,1.3906422581141294e-17,482,482,0,-0.00030970449830189037,0.010955844452702769,-4.3283322625066892e-06,5.0582323606878219e-12,2.1295318778444189e-09
1.598725767112391e-17,2911,288.6333583391737,-2.2199962099167439e-10,-9.8901197901290764e-22,0,2.0775689043190193e-18,34.085268674378533,178.28476499764349,178.28476499764349,1.1990858727048999e-23,0.016191116222493012,0.016191116222493012,0,0,1.3909676775946163e-17,483,483,0,-0.00030857607762278989,0.011007389147541543,-3.0025841063673459e-06,5.0705654999857539e-12,2.1346024433444047e-09
1.5986254657841882e-17,2917,275.06903464267128,-2.097435133372991e-10,-1.0030132820277062e-21,0,2.072135033835378e-18,32.95249502181283,178.28476499764349,178.28476499764349,-4.6956706420759843e-23,0.063797057768040871,-0.063797057768040871,0,0,1.3914166580712924e-17,484,484,0,-0.00030668019853080625,0.011142491510824202,-2.0825930137138736e-06,5.0568822759337793e-12,2.1396593256203385e-09
1.5985354687060555e-17,2923,232.84300059406826,-1.8603154024119037e-10,-8.999707813285509e-22,0,2.067203422486079e-18,32.266329659729756,178.28476499764349,178.28476499764349,-1.5727989904274967e-23,0.021358876052875335,-0.021358876052875335,0,0,1.3918166992564378e-17,485,485,0,-0.0003068199427048055,0.011349302607219865,-1.2277343689530987e-06,5.0915434845059042e-12,2.1447508691048446e-09
1.5984521308889156e-17,2929,208.89507876046557,-1.8595706281243094e-10,-8.3337817139780749e-22,0,2.0640889427847148e-18,32.61523184075493,178.28476499764349,178.28476499764349,4.59988126237367e-23,0.062311949803785585,0.062311949803785585,0,0,1.3920386367291819e-17,486,486,0,-0.00030758421116512582,0.011618467115087391,3.3226757525359747e-07,5.0942516211823803e-12,2.1498451207260269e-09
1.598365756704357e-17,2935,242.15738031464664,-1.9334020883244147e-10,-8.6374184558693245e-22,0,2.0632379676525169e-18,33.719148918205093,178.28476499764349,178.28476499764349,1.9269632198203652e-23,0.026222586076104282,0.026222586076104282,0,0,1.3920400329758855e-17,487,487,0,-0.00030618694100642579,0.011942506528678938,1.9396694895763479e-06,5.06307961347006e-12,2.1549082003394971e-09
1.5982822787357567e-17,2941,272.41875048877677,-1.7542439227424783e-10,-8.3477968600208973e-22,0,2.0639819265165924e-18,34.652730959402291,178.28476499764349,178.28476499764349,-4.3522112170540189e-23,0.059626355679010597,-0.059626355679010597,0,0,1.3918884382953145e-17,488,488,0,-0.00030413083606877362,0.012316065948433548,2.4211502007658148e-06,5.0190412192449077e-12,2.1599272415587422e-09
1.5982110551358616e-17,2947,287.87281209737012,-1.508794929520682e-10,-7.1223599895103156e-22,0,2.0651085677767966e-18,35.357020856788012,178.28476499764349,178.28476499764349,-2.3937864106611449e-23,0.032751810198134515,-0.032751810198134515,0,0,1.3917025921445928e-17,489,489,0,-0.00030453614576055358,0.012740730080502166,2.1312126032526129e-06,5.0347921831005077e-12,2.1649620337418426e-09
1.5981444164855388e-17,2953,252.00229189959299,-1.5869224180205807e-10,-6.6638650322921222e-22,0,2.0660642018885577e-18,35.808588823902113,178.28476499764349,178.28476499764349,4.1718404022275674e-23,0.056718703477597186,0.056718703477597186,0,0,1.3915338244562807e-17,490,490,0,-0.00030647153896037492,0.013218492202306101,2.2731338276033542e-06,5.0835203690219002e-12,2.1700455541108645e-09
1.5980668510413257e-17,2959,236.67179487252952,-1.8613940870212635e-10,-7.7565444212955479e-22,0,2.0674495216870073e-18,35.98683845252642,178.28476499764349,178.28476499764349,2.7097341400947095e-23,0.036807802361675267,0.036807802361675267,0,0,1.391319189138485e-17,491,491,0,-0.00030674363022597194,0.013745470206206208,2.6539981576414719e-06,5.096265744790032e-12,2.1751418198556543e-09
1.5979799347354455e-17,2965,236.1489823526766,-1.8948907556822743e-10,-8.6916305880240197e-22,0,2.069946708001189e-18,36.27242275213122,178.28476499764349,178.28476499764349,-3.9991826188903033e-23,0.054442491672168275,-0.054442491672168275,0,0,1.3909892631179457e-17,492,492,0,-0.00030607087222204234,0.014320408052596829,2.0798988060190882e-06,5.114468579100752e-12,2.180256288434755e-09
1.5978986533695623e-17,2971,233.8509679825122,-1.7458415612464883e-10,-8.1281365883477361e-22,0,2.0730527297304287e-18,36.44331526949135,178.28476499764349,178.28476499764349,-3.0293911206675388e-23,0.041043829840541432,-0.041043829840541432,0,0,1.39059640978764e-17,493,493,0,-0.00030753618879674936,0.014927606987483445,9.2600485808152369e-07,5.0421292809150902e-12,2.1852984177156699e-09
1.5978211145049722e-17,2977,233.26395507993936,-1.8044730523902187e-10,-7.7538864589790719e-22,0,2.07553329305165e-18,36.269766847715374,178.28476499764349,178.28476499764349,3.7336567946558331e-23,0.050121166550150704,0.050121166550150704,0,0,1.3902640515430127e-17,494,494,0,-0.00031038589845074343,0.015564081968344207,7.2132261292472625e-07,5.0263371329114096e-12,2.1903247548485814e-09
1.5977348535051343e-17,2983,245.57943917367442,-2.0435865948810893e-10,-8.6260999838054962e-22,0,2.0759604143529867e-18,36.073220216160557,178.28476499764349,178.28476499764349,3.4847950539477458e-23,0.046636779280502846,0.046636779280502846,0,0,1.3901353272747816e-17,495,495,0,-0.00031134181252343891,0.01621741277643806,1.4122083129075508e-06,5.0198208428228996e-12,2.1953445756914045e-09
1.5976412850784749e-17,2989,254.74773670927362,-2.0772823430959769e-10,-9.3568426659287188e-22,0,2.073060885758773e-18,35.831006447839755,178.28476499764349,178.28476499764349,-3.2894065570537334e-23,0.044127960091001027,-0.044127960091001027,0,0,1.3903384859091547e-17,496,496,0,-0.00031059356983932667,0.016864557109354399,1.4146075282141646e-06,4.9734651323325977e-12,2.2003180408237371e-09
1.5975527781616272e-17,2995,239.75772316531538,-1.8976266093833811e-10,-8.8506916847727741e-22,0,2.066121543479051e-18,35.530274838040405,178.28476499764349,178.28476499764349,-3.9630153845682427e-23,0.05305594261038505,-0.05305594261038505,0,0,1.3909445868291065e-17,497,497,0,-0.00031122930420115591,0.017488789453407906,5.4411866992542857e-07,4.95927210350207e-12,2.205277312927239e-09
1.5974704581666086e-17,3001,232.70942479963432,-1.8726578026583867e-10,-8.2319995018749994e-22,0,2.0552772625465974e-18,35.453150470369884,178.28476499764349,178.28476499764349,2.7470521804674251e-23,0.036510669332852283,0.036510669332852283,0,0,1.3919399848597683e-17,498,498,0,-0.00031349879257477512,0.018070911298970482,3.200647848324479e-07,4.9798157238990626e-12,2.2102571286511381e-09
1.5973831985520991e-17,3007,213.1635532471243,-2.0588652674403831e-10,-8.7259614509432837e-22,0,2.0418460162281254e-18,35.512566221052793,178.28476499764349,178.28476499764349,4.3886354284338091e-23,0.058144735259521851,0.058144735259521851,0,0,1.393194208293858e-17,499,499,0,-0.00031449074228631955,0.018582738214043069,1.0151892449253803e-06,4.9736807468171781e-12,2.2152308093979553e-09
1.5972897906870739e-17,3013,217.13447128560915,-2.0734444776845761e-10,-9.3407865024970873e-22,0,2.02780301399781e-18,35.584025211412722,178.28476499764349,178.28476499764349,-2.0989376278027619e-23,0.027883598689397715,-0.027883598689397715,0,0,1.394511588224921e-17,500,500,0,-0.00031364579395209437,0.018999017737700512,9.1535382220320876e-07,4.9514889318861135e-12,2.2201822983298413e-09
1.5972029190425624e-17,3019,206.75290948262017,-1.8072230209133343e-10,-8.6871644511480547e-22,0,2.0146295942128589e-18,35.598587554511219,178.28476499764349,178.28476499764349,-4.6844279518493536e-23,0.062208992856280933,-0.062208992856280933,0,0,1.3957446440492286e-17,501,501,0,-0.00031375608096508928,0.019302807633180867,-5.5528026099699375e-07,4.9870143773485854e-12,2.2251693127071898e-09
1.5971280477255974e-17,3025,219.50366420338625,-1.6352248476765634e-10,-7.4871316965067176e-22,0,2.003514318129411e-18,35.276524727188892,178.28476499764349,178.28476499764349,1.564557255940928e-23,0.020641606444868975,0.020641606444868975,0,0,1.3967750513554005e-17,502,502,0,-0.00031581788868181718,0.019476090471011544,-1.6540798236818875e-06,5.04218961677384e-12,2.2302115023239635e-09
1.5970543269990556e-17,3031,196.67819327133526,-1.7369065366169026e-10,-7.3720726541852349e-22,0,1.99591180731563e-18,34.741626490180607,178.28476499764349,178.28476499764349,4.8895984510997943e-23,0.064248124080537428,0.064248124080537428,0,0,1.3974582566690415e-17,503,503,0,-0.00031710384032446269,0.019506926209754288,-1.4679477465306659e-06,5.047611922380933e-12,2.2352591142463445e-09
1.5969760758836166e-17,3037,222.67687168299346,-1.7552046400279263e-10,-7.8251115438939753e-22,0,1.9930576328253776e-18,34.302634698168013,178.28476499764349,178.28476499764349,-1.0642253594620752e-23,0.014019908141035459,-0.014019908141035459,0,0,1.3976713768264384e-17,504,504,0,-0.00031628397893086388,0.019397718447812403,-1.6250834914068584e-06,5.0274519269368663e-12,2.2402865661732815e-09
1.5969040900346479e-17,3043,241.58557779934125,-1.4991962639193504e-10,-7.198584896885945e-22,0,1.9953224540155744e-18,33.939253275433607,178.28476499764349,178.28476499764349,-4.9808703871510723e-23,0.065709988323317675,-0.065709988323317675,0,0,1.3973768255034776e-17,505,505,0,-0.00031583671132323025,0.019158869061407676,-3.0398810170456635e-06,5.0483066474003713e-12,2.2453348728206819e-09
1.5968445183250231e-17,3049,241.83487368685456,-1.3300909973056604e-10,-5.9571709624814802e-22,0,2.0023750549253943e-18,33.880154783309102,178.28476499764349,178.28476499764349,6.3245727232525655e-24,0.0083058009512423005,0.0083058009512423005,0,0,1.3966063803752112e-17,506,506,0,-0.00031727688276647593,0.018807136498362336,-4.0564640237590843e-06,5.0797057592955342e-12,2.2504145785799774e-09
1.5967848930167369e-17,3055,227.5315993521678,-1.4997488656098778e-10,-5.9625308286070883e-22,0,2.0136315074520518e-18,34.28923209876168,178.28476499764349,178.28476499764349,5.0692269161399693e-23,0.066381609670049871,0.066381609670049871,0,0,1.3954166730446156e-17,507,507,0,-0.00031818720459225898,0.018369965570557964,-3.5407710460927466e-06,5.0634259719031231e-12,2.2554780045518805e-09
1.5967149155431163e-17,3061,230.04889296906933,-1.6675864804097175e-10,-6.997747362066916e-22,0,2.0284990765135198e-18,34.812244670754481,178.28476499764349,178.28476499764349,-1.6657330294053123e-24,0.0021908205985892671,-0.0021908205985892671,0,0,1.3938651744650674e-17,508,508,0,-0.00031680158081668741,0.017875074529135559,-2.992638230273949e-06,5.0477504534476767e-12,2.2605257550053283e-09
1.5966435569095038e-17,3067,216.88522896187504,-1.5391787106094751e-10,-7.1358633612694159e-22,0,2.0461396446850828e-18,35.280218897699662,178.28476499764349,178.28476499764349,-5.04008214124471e-23,0.066600224725661988,-0.066600224725661988,0,0,1.3920346325231365e-17,509,509,0,-0.00031531939031276854,0.017344692655257708,-3.6122047706422306e-06,5.0767002146411454e-12,2.2656024552199696e-09
1.59658075792473e-17,3073,211.24177911097189,-1.3935581628861219e-10,-6.2798984773711595e-22,0,2.0651360555189258e-18,35.608272087436688,178.28476499764349,178.28476499764349,-1.8615432192319778e-24,0.0024562893213985011,-0.0024562893213985011,0,0,1.3900673385271591e-17,510,510,0,-0.00031577835772688811,0.016802633976565499,-4.1272509635038732e-06,5.1085655181570278e-12,2.2707110207381267e-09
1.5965184212446402e-17,3079,202.28277544521302,-1.5322047314641461e-10,-6.2336680089847265e-22,0,2.0836222595899784e-18,35.618701987783766,178.28476499764349,178.28476499764349,5.0424827558882974e-23,0.066445801526386586,0.066445801526386586,0,0,1.3881511528028864e-17,511,511,0,-0.00031620274469642282,0.016273477131502734,-3.3300233260144644e-06,5.1036875472785158e-12,2.275814708285405e-09
1.5964476618970799e-17,3085,174.65950544088128,-1.6954126447731229e-10,-7.0759347560251921e-22,0,2.0996803729934971e-18,35.618793650214471,178.28476499764349,178.28476499764349,6.2993491223616546e-24,0.0083434932867451645,0.0083434932867451645,0,0,1.3864789946628179e-17,512,512,0,-0.00031458391716504471,0.015780489494353293,-2.3704758906371899e-06,5.0188218127129704e-12,2.2808335300981182e-09
1.5963757386292276e-17,3091,186.36845439746273,-1.5973002362000118e-10,-7.1923267852196124e-22,0,2.1123755710061382e-18,35.94013530829794,178.28476499764349,178.28476499764349,-4.9033466443536486e-23,0.06530214614704434,-0.06530214614704434,0,0,1.3851430848752582e-17,513,513,0,-0.00031286278052993432,0.015328939809698152,-2.368750810260993e-06,4.9687068405952189e-12,2.2858022369387135e-09
1.5963113301860358e-17,3097,184.9869252030426,-1.4628212392846239e-10,-6.4408443191958787e-22,0,2.1215819992839279e-18,36.447757682617421,178.28476499764349,178.28476499764349,-1.3420282191956994e-23,0.01784847438133344,-0.01784847438133344,0,0,1.384154472285862e-17,514,514,0,-0.00031329200060354858,0.014918880923520625,-2.3688032719133359e-06,4.9648593091247678e-12,2.2907670962478383e-09
1.596247971411738e-17,3103,191.04100142354434,-1.5849129474343385e-10,-6.3358774297664971e-22,0,2.1278112374523567e-18,37.095395203610323,178.28476499764349,178.28476499764349,4.7143477849244559e-23,0.062481785014231045,0.062481785014231045,0,0,1.3834621333187174e-17,515,515,0,-0.00031438147559399097,0.014552914947862455,-1.1728658368536768e-06,4.9355379113111462e-12,2.2957026341591495e-09
1.5961761672369723e-17,3109,217.77397085076942,-1.7652626401861314e-10,-7.1804174765716924e-22,0,2.1315627376536034e-18,37.827368488491935,178.28476499764349,178.28476499764349,2.1913702871995724e-23,0.029103984887495302,0.029103984887495302,0,0,1.3830177021013246e-17,516,516,0,-0.00031372712586585124,0.014230384894172426,4.9992883503560128e-07,4.8811805227849031e-12,2.3005838146819342e-09
1.5961016335940143e-17,3115,236.53411096589733,-1.6738596163111732e-10,-7.4533642957872991e-22,0,2.1324752962910618e-18,38.188609904110109,178.28476499764349,178.28476499764349,-4.2502082030704794e-23,0.056682483802319834,-0.056682483802319834,0,0,1.3828583541731113e-17,517,517,0,-0.00031242810226681021,0.013945230878575705,1.3701012085667268e-06,4.8749689758990419e-12,2.3054587836578332e-09
1.5960362534483857e-17,3121,224.94839706793286,-1.4461176695116687e-10,-6.5380145628679242e-22,0,2.1295904218963261e-18,37.915911107042241,178.28476499764349,178.28476499764349,-3.0180004547535211e-23,0.040159685521282185,-0.040159685521282185,0,0,1.3830802292592078e-17,518,518,0,-0.00031312500911254436,0.013694603337324892,1.7104160009714178e-06,4.8951637007478242e-12,2.3103539473585811e-09
1.5959775059342895e-17,3127,218.05589548446935,-1.4604905134262067e-10,-5.8747514096001863e-22,0,2.1225917982118732e-18,37.283364807340213,178.28476499764349,178.28476499764349,3.6847420056880554e-23,0.04869365938900367,0.04869365938900367,0,0,1.3837146413710966e-17,519,519,0,-0.00031529960744399886,0.01348111972519161,2.6128441584890121e-06,4.8648078153854985e-12,2.3152187551739666e-09
1.5959120482106663e-17,3133,214.1791133715268,-1.6795780729263966e-10,-6.5457723623319663e-22,0,2.1123040375933115e-18,36.506880637114143,178.28476499764349,178.28476499764349,3.8360913202634754e-23,0.050540023262073699,0.050540023262073699,0,0,1.3846778083600149e-17,520,520,0,-0.00031625853734864543,0.013305691370021459,3.8319799144041225e-06,4.8413164307999984e-12,2.3200600716047664e-09
1.5958384684159716e-17,3139,209.3336533076573,-1.7191397231484303e-10,-7.3579794694865431e-22,0,2.1001123416122449e-18,35.651685552927312,178.28476499764349,178.28476499764349,-2.8945768576521166e-23,0.038165564423738224,-0.038165564423738224,0,0,1.3858301288316046e-17,521,521,0,-0.00031601096666556165,0.01316890705398192,4.1020591546267145e-06,4.8798925915421158e-12,2.3249399641963086e-09
1.5957697398864297e-17,3145,228.67730285503572,-1.5110545386774138e-10,-6.8728529541845142e-22,0,2.0875304724762359e-18,35.006490323584089,178.28476499764349,178.28476499764349,-4.4078260079417888e-23,0.057882598222944816,-0.057882598222944816,0,0,1.3870211004648139e-17,522,522,0,-0.00031729642869551047,0.013074167469961782,3.249266987774544e-06,4.9007481345265424e-12,2.3298407123308353e-09
1.5957104073361236e-17,3151,251.05518268415469,-1.4086812376171261e-10,-5.9332550305857792e-22,0,2.0755053364134298e-18,34.667971166618003,178.28476499764349,178.28476499764349,2.0782347192951063e-23,0.027012043542989916,0.027012043542989916,0,0,1.3881577954600614e-17,523,523,0,-0.00032057224091967259,0.013022762650748717,2.4707937006783566e-06,4.8772966783810033e-12,2.3347180090092163e-09
1.5956495368981736e-17,3157,257.63125081037703,-1.541146567478985e-10,-6.0870437950350056e-22,0,2.0640853652402218e-18,34.356452799537436,178.28476499764349,178.28476499764349,4.8959714026792526e-23,0.063158319055458698,0.063158319055458698,0,0,1.3892361044027486e-17,524,524,0,-0.00032299594336234654,0.01301258181338431,2.2018009863034777e-06,4.8945276884265073e-12,2.3396125366976428e-09
1.5955823388562815e-17,3163,250.20475907305482,-1.5771960009059523e-10,-6.7198041891912523e-22,0,2.0531782966328362e-18,34.059947940414034,178.28476499764349,178.28476499764349,-1.2489267120296469e-23,0.016094966965189743,-0.016094966965189743,0,0,1.3902657581197099e-17,525,525,0,-0.00032332227281843621,0.013041180586650651,1.475383967344031e-06,4.9467527696539326e-12,2.3445592894672969e-09
1.595520645605243e-17,3169,230.79373582539858,-1.3380864615561049e-10,-6.1693251038608608e-22,0,2.0431979711342146e-18,34.001636654183578,178.28476499764349,178.28476499764349,-5.1077526900941881e-23,0.06567442857109064,-0.06567442857109064,0,0,1.3912059562445116e-17,526,526,0,-0.00032405767874108628,0.013105021026773167,-1.2993837715842499e-07,4.9529991563155287e-12,2.3495122886236126e-09
1.5954712564447996e-17,3175,200.79733574925251,-1.1555083839195149e-10,-4.9389160443363942e-22,0,2.0347996324057801e-18,34.157585473590963,178.28476499764349,178.28476499764349,4.6706433957838432e-24,0.0059566024814818805,0.0059566024814818805,0,0,1.3919908261398819e-17,527,527,0,-0.00032671332709551166,0.013200281349870176,-1.4452582719582931e-06,4.9513206096652503e-12,2.3544636092332779e-09
1.5954228233960447e-17,3181,175.72734280785096,-1.2770932230763274e-10,-4.8433048754922942e-22,0,2.0284984728719213e-18,34.486822660051779,178.28476499764349,178.28476499764349,5.2536448385947346e-23,0.066572089748431262,0.066572089748431262,0,0,1.3925677224640139e-17,528,528,0,-0.00032881928312897995,0.013325579671808054,-1.6151506409370146e-06,5.0103733793652943e-12,2.3594739826126432e-09
1.5953655282414895e-17,3187,157.08074815225874,-1.4040027360959184e-10,-5.7295154555342741e-22,0,2.0244303472449527e-18,35.013785625956807,178.28476499764349,178.28476499764349,4.3890316153661654e-25,0.00055699905410368927,0.00055699905410368927,0,0,1.392922449626678e-17,529,529,0,-0.000328324287015566,0.013480164525952998,-1.5321010479601023e-06,5.0816205411789252e-12,2.3645556031538223e-09
1.5953091082422445e-17,3193,163.74390131467328,-1.2484859736793738e-10,-5.6419999244733808e-22,0,2.0220630736715183e-18,35.564076169846174,178.28476499764349,178.28476499764349,-5.2302811236610049e-23,0.066521516884369553,-0.066521516884369553,0,0,1.3931080311562163e-17,530,530,0,-0.0003276058489937056,0.013660958920485721,-2.1480652006931328e-06,5.073280137375206e-12,2.3696288832911976e-09
1.5952625848572626e-17,3199,181.2335862942663,-1.103570709061688e-10,-4.6523384981887339e-22,0,2.0204732724650573e-18,35.949233066458362,178.28476499764349,178.28476499764349,-5.1531872162720825e-24,0.0065258432666573706,-0.0065258432666573706,0,0,1.3932157729294787e-17,531,531,0,-0.00032902435016846906,0.013866775572700397,-2.6242181840275105e-06,5.0457094930069776e-12,2.3746745927842047e-09
1.5952154360090482e-17,3205,198.69202419608152,-1.2763305083377199e-10,-4.7148848214535777e-22,0,2.0189783010311863e-18,36.117794654809856,178.28476499764349,178.28476499764349,5.230500826470302e-23,0.065939645849555473,0.065939645849555473,0,0,1.3933123754051032e-17,532,532,0,-0.00033051062320461189,0.014099836123812602,-2.0244238975054455e-06,5.0658122546738963e-12,2.3797404050388787e-09
1.5951562315475717e-17,3211,201.92571963378103,-1.4925341227869285e-10,-5.9204461476489284e-22,0,2.0173119554842012e-18,36.068133029167889,178.28476499764349,178.28476499764349,9.4768048420155628e-24,0.0119784517649853,0.0119784517649853,0,0,1.3934240883186674e-17,533,533,0,-0.00032964766746535585,0.014360214518687893,-1.2742349365309523e-06,5.0766590987351251e-12,2.3848170641376139e-09
1.5950939277944865e-17,3217,200.13824766378912,-1.3957510835379181e-10,-6.2303753085180222e-22,0,2.0155011686954545e-18,35.737001499488017,178.28476499764349,178.28476499764349,-5.1132373095525922e-23,0.064871358576077801,-0.064871358576077801,0,0,1.3935489241622507e-17,534,534,0,-0.00032842160121375073,0.014645678968523784,-1.6019327728367611e-06,5.0504582528145984e-12,2.3898675223904286e-09
1.5950407882781861e-17,3223,226.19399510546614,-1.2099259944481135e-10,-5.3139516300379868e-22,0,2.0138109750363172e-18,35.048914786358942,178.28476499764349,178.28476499764349,-1.4349943051723928e-23,0.018148286263681611,-0.018148286263681611,0,0,1.3936611257688594e-17,535,535,0,-0.00032946047088667753,0.014956746804098468,-2.2955871801631946e-06,5.050737749997448e-12,2.3949182601404258e-09
1.5949905075638265e-17,3229,244.9692727237223,-1.3005833817081256e-10,-5.0280714359509395e-22,0,2.0127189926050862e-18,34.26397987203562,178.28476499764349,178.28476499764349,5.0312689859751694e-23,0.063310646696050549,0.063310646696050549,0,0,1.3937135770343319e-17,536,536,0,-0.00033112315019526211,0.015293422658439446,-2.1141309004474927e-06,5.0766937314610976e-12,2.3999949538718869e-09
1.5949315407924774e-17,3235,262.44368633918725,-1.4880229218905686e-10,-5.8966771349156429e-22,0,2.0127334537736984e-18,33.806648726331012,178.28476499764349,178.28476499764349,1.8721921976173643e-23,0.023588556157635478,0.023588556157635478,0,0,1.3936563232229099e-17,537,537,0,-0.00033070276837956781,0.015648885407163787,-1.7195924905286816e-06,5.0546539566178233e-12,2.4050496078285047e-09
1.5948696945694561e-17,3241,263.86966754297151,-1.4095583237013576e-10,-6.1846223021364992e-22,0,2.0142601330582416e-18,33.831442313268781,178.28476499764349,178.28476499764349,-4.8085294703573398e-23,0.060773630932272518,-0.060773630932272518,0,0,1.3934484897931021e-17,538,538,0,-0.00032967487958962408,0.016014941400377181,-2.4284706469450704e-06,5.0112801810397955e-12,2.4100608880095444e-09
1.5948162307865839e-17,3247,265.26039022852461,-1.2255109872665021e-10,-5.3463782872134525e-22,0,2.0177564307063882e-18,34.386786187425585,178.28476499764349,178.28476499764349,-2.4426973794881158e-23,0.030765751087571885,-0.030765751087571885,0,0,1.3930430304133247e-17,539,539,0,-0.00033081934905137867,0.01638557082291664,-3.5887729910496245e-06,5.0136430478724714e-12,2.415074531057417e-09
1.5947660016256012e-17,3253,264.48598821111517,-1.3105512485393273e-10,-5.0229160982883619e-22,0,2.0235285944411087e-18,35.246581116068917,178.28476499764349,178.28476499764349,4.584349084115047e-23,0.057356688890919875,0.057356688890919875,0,0,1.3924085578324059e-17,540,540,0,-0.00033302924012012781,0.016750302858152915,-3.6215448785045436e-06,5.0325474589455655e-12,2.4201070785163627e-09
1.5947064283839358e-17,3259,250.59211011588431,-1.5382455488106954e-10,-5.9573241665311416e-22,0,2.0312675590282951e-18,36.005724233781436,178.28476499764349,178.28476499764349,2.9832289533767228e-23,0.037285396196094597,0.037285396196094597,0,0,1.3915766892521529e-17,541,541,0,-0.00033337772713199566,0.01709284597085959,-2.8909963483300801e-06,5.0061296931284548e-12,2.4251132082094912e-09
1.5946414957830806e-17,3265,227.22998765776947,-1.4968825725602977e-10,-6.4932600855099144e-22,0,2.0401022536107231e-18,36.591002788989513,178.28476499764349,178.28476499764349,-4.1840699247321687e-23,0.052417923015173937,-0.052417923015173937,0,0,1.390635454491933e-17,542,542,0,-0.00033258900169202125,0.017400384860645893,-2.9867701426387296e-06,4.9741349286131136e-12,2.4300873431381044e-09
1.5945852031593697e-17,3271,195.63615668384071,-1.2481539501198895e-10,-5.6292623710839953e-22,0,2.0488578484373549e-18,36.883678597758127,178.28476499764349,178.28476499764349,-3.5567855280146395e-23,0.044435510835861523,-0.044435510835861523,0,0,1.3897029751011623e-17,543,543,0,-0.0003335156819689274,0.017664600955200088,-3.6815500381423052e-06,4.9907844364315981e-12,2.435078127574536e-09
1.594537526107988e-17,3277,168.49935081044831,-1.2001974697904054e-10,-4.7677051381860181e-22,0,2.0562759999228998e-18,36.768666191664821,178.28476499764349,178.28476499764349,3.7814657026990555e-23,0.046919194956869865,0.046919194956869865,0,0,1.3889061446499953e-17,544,544,0,-0.00033581367090942027,0.01787584275615969,-3.3045178451404886e-06,5.0137153180182708e-12,2.4400918428925542e-09
1.594486039206831e-17,3283,163.30427313018745,-1.3568075919224142e-10,-5.14869011570317e-22,0,2.0614273333497835e-18,36.506033296447306,178.28476499764349,178.28476499764349,4.0617829107703985e-23,0.050283331661740177,0.050283331661740177,0,0,1.3883392440889419e-17,545,545,0,-0.00033657466405352887,0.018025167637722914,-1.903794992515162e-06,4.9877834163253241e-12,2.4450796263088796e-09
1.5944303449275729e-17,3289,159.55616134543055,-1.3213838845099892e-10,-5.5694279258054589e-22,0,2.0640768839249747e-18,36.176427220853469,178.28476499764349,178.28476499764349,-3.219112963476429e-23,0.03994113147604185,-0.03994113147604185,0,0,1.388025875648039e-17,546,546,0,-0.0003358184955075259,0.018109289102178121,-1.2101734945390914e-06,4.9694750922401879e-12,2.4500491014011198e-09
1.5943830614243595e-17,3295,162.61746934259151,-1.0596703254070982e-10,-4.7283503213287106e-22,0,2.0647422565614173e-18,35.780955939173964,178.28476499764349,178.28476499764349,-4.4967367723796036e-23,0.055696297586253656,-0.055696297586253656,0,0,1.3879133325049901e-17,547,547,0,-0.000336403029110382,0.018126921415229719,-1.3984624160891386e-06,5.000255097274309e-12,2.4550493564983941e-09
1.5943460192775205e-17,3301,187.408135069482,-9.7502158691017615e-11,-3.7042146839067387e-22,0,2.0644745243971996e-18,35.459921999192865,178.28476499764349,178.28476499764349,2.697296517723249e-23,0.033180594610403888,0.033180594610403888,0,0,1.3878958695412828e-17,548,548,0,-0.0003387141075219835,0.018077333210217643,-7.5413014403483739e-07,5.0131772437341209e-12,2.4600625337421281e-09
1.5943054988857532e-17,3307,201.68475324120374,-1.1594150783664418e-10,-4.0520391767239417e-22,0,2.0642136733489543e-18,35.079483610472529,178.28476499764349,178.28476499764349,4.8636082763600852e-23,0.059628945175437931,0.059628945175437931,0,0,1.3878792679425814e-17,549,549,0,-0.00033985230537295655,0.017962203609877849,1.05893093077552e-06,5.0099353185305676e-12,2.4650724690606588e-09
1.5942573962674736e-17,3313,214.86167411027986,-1.2064852906278905e-10,-4.8102618279729556e-22,0,2.0642701179914535e-18,34.741566691348098,178.28476499764349,178.28476499764349,-2.1325136258445411e-23,0.026214455593705586,-0.026214455593705586,0,0,1.3878325169819541e-17,550,550,0,-0.00033895319356367926,0.017783930559822563,2.2459338121721461e-06,5.0188902750296589e-12,2.4700913593356883e-09
1.5942145036451875e-17,3319,203.57561424360313,-9.8075320408043206e-11,-4.2892622286218494e-22,0,2.0643391292107159e-18,34.599067804307666,178.28476499764349,178.28476499764349,-5.0729575323342388e-23,0.062419694031981533,-0.062419694031981533,0,0,1.3877856636816482e-17,551,551,0,-0.00033863227590578607,0.017544804583093508,2.0959749403943079e-06,5.0482349115902417e-12,2.4751395942472786e-09
1.5941817733346602e-17,3325,165.35886410746241,-8.8835867338052456e-11,-3.2730310527127739e-22,0,2.0639846522841911e-18,34.391251065623052,178.28476499764349,178.28476499764349,1.6037153795944043e-23,0.019658819862651881,0.019658819862651881,0,0,1.3877817043908615e-17,552,552,0,-0.00033990582657867421,0.017252139368358586,2.1037823596966123e-06,5.0205742122204023e-12,2.4801601684594989e-09
1.594144786929039e-17,3331,172.47148934920315,-1.1233550307036653e-10,-3.6986405621295636e-22,0,2.0632831026661398e-18,34.387436908562698,178.28476499764349,178.28476499764349,5.2692750632967531e-23,0.064536476701303094,0.064536476701303094,0,0,1.3878112073873616e-17,553,553,0,-0.00034020005252773875,0.016908799654730893,2.916320965989033e-06,5.0427165061490181e-12,2.485202884965648e-09
1.5940953015665047e-17,3337,223.16034915214743,-1.3017666435574466e-10,-4.948536253416411e-22,0,2.0629821154235111e-18,34.776569591224771,178.28476499764349,178.28476499764349,-1.0856253533054117e-23,0.013372675657620906,-0.013372675657620906,0,0,1.3877981756495068e-17,554,554,0,-0.00033825982831850958,0.016521969584427969,3.0188308393012845e-06,5.0507552506478063e-12,2.490253640216296e-09
1.5940451176972313e-17,3343,210.62507936679484,-1.1784040681111438e-10,-5.0183869273394599e-22,0,2.0641422399745449e-18,35.116518864813962,178.28476499764349,178.28476499764349,-5.3259771292564e-23,0.065909019786823272,-0.065909019786823272,0,0,1.3876362196769062e-17,555,555,0,-0.00033670006690552149,0.016102757508390506,1.6326182059571694e-06,5.0166727591850784e-12,2.4952703129754809e-09
1.5940025081789498e-17,3349,201.23631026317648,-1.0785554335674315e-10,-4.2609518281658991e-22,0,2.0676685254724297e-18,35.568533078519863,178.28476499764349,178.28476499764349,4.5736040081809283e-24,0.0056512380385668462,0.0056512380385668462,0,0,1.387235198271306e-17,556,556,0,-0.00033721254063910183,0.015657887380199,2.2083368936468105e-07,5.0113691414565767e-12,2.5002816821169376e-09
1.5939576352222826e-17,3355,195.43379306265717,-1.2519877932834336e-10,-4.4872956666882422e-22,0,2.073731257019355e-18,36.205728768818553,178.28476499764349,178.28476499764349,5.3926092785619537e-23,0.066553751666073302,0.066553751666073302,0,0,1.3865791169110687e-17,557,557,0,-0.00033760989823809518,0.015193375291835476,-1.1270790365031038e-07,5.0525596108306932e-12,2.5053342417277685e-09
1.5939028724085798e-17,3361,183.33646363707743,-1.3852812969344229e-10,-5.4762813703160795e-22,0,2.0812031308874064e-18,36.628891714106693,178.28476499764349,178.28476499764349,1.9615416845373859e-25,0.00024320357776556672,0.00024320357776556672,0,0,1.3857825397044222e-17,558,558,0,-0.00033605962656175407,0.014723463749621777,-3.3620546741452319e-07,5.0703171710481629e-12,2.5104045588988166e-09
1.5938497629801462e-17,3367,206.23815560157408,-1.2006480692889166e-10,-5.3109428433263939e-22,0,2.0880517697902816e-18,36.939742036737314,178.28476499764349,178.28476499764349,-5.3437324523422905e-23,0.066514798934305355,-0.066514798934305355,0,0,1.3850499297335706e-17,559,559,0,-0.00033474583463377318,0.014265616545587759,-1.2858372507898396e-06,5.0509794836579658e-12,2.5154555383824747e-09
1.593808516771719e-17,3373,226.84896797769625,-1.0100343170622773e-10,-4.124620842734806e-22,0,2.0922340358641319e-18,37.063865071630225,178.28476499764349,178.28476499764349,-5.8480714417466356e-24,0.0072574471582065279,-0.0072574471582065279,0,0,1.38458569799245e-17,560,560,0,-0.00033575117819572181,0.013836046275299536,-1.8759557694398609e-06,5.0157685214450242e-12,2.5204713069039196e-09
1.593768840050043e-17,3379,238.32598558084482,-1.1439100176683967e-10,-3.9676721675961739e-22,0,2.0923427985038792e-18,36.858094600429808,178.28476499764349,178.28476499764349,5.3203682009464783e-23,0.065756233638052566,0.065756233638052566,0,0,1.3845292398314542e-17,561,561,0,-0.00033712698569828958,0.013444707808346168,-1.1413240415874862e-06,5.0414565236880296e-12,2.5255127634276075e-09
1.5937182182793368e-17,3385,239.32888918998984,-1.3482537034655457e-10,-5.0621770706213153e-22,0,2.0878470122580005e-18,36.690369305193165,178.28476499764349,178.28476499764349,1.0508165213685224e-23,0.013010170642992036,0.013010170642992036,0,0,1.3849324662370154e-17,562,562,0,-0.00033653687507376076,0.013105674369571411,-4.3235818808737654e-08,5.085341561837135e-12,2.5305981049894448e-09
1.5936644884425656e-17,3391,230.17312936680591,-1.2510353909879379e-10,-5.3729836771350622e-22,0,2.0793187523439729e-18,36.526812241942771,178.28476499764349,178.28476499764349,-5.2201383796610806e-23,0.064778369281036516,-0.064778369281036516,0,0,1.3857378333465479e-17,563,563,0,-0.00033576912823419711,0.012835413109333761,1.7541608281968063e-07,5.0825728567501402e-12,2.5356806778461948e-09
1.593620149937368e-17,3397,220.15976321051383,-1.0625701865963899e-10,-4.4338505197681825e-22,0,2.0681061397532324e-18,36.257351570113677,178.28476499764349,178.28476499764349,-1.4803248015194641e-23,0.018282987088517721,-0.018282987088517721,0,0,1.386811016286846e-17,564,564,0,-0.00033736390976315368,0.01264400724695579,5.823426877888778e-08,5.0639438048401021e-12,2.5407446216510347e-09
1.5935791023635096e-17,3403,214.3072003612879,-1.1412296217581359e-10,-4.1047573858227865e-22,0,2.0556295375444746e-18,36.106697778544877,178.28476499764349,178.28476499764349,5.1583266952134409e-23,0.063280876495057037,0.063280876495057037,0,0,1.3880109902823669e-17,565,565,0,-0.0003396449146591189,0.012536331477488824,5.4728353656291801e-07,5.078902234775184e-12,2.5458235238858097e-09
1.5935298692827024e-17,3409,212.44184864606541,-1.2906168385386689e-10,-4.9233080807292882e-22,0,2.0430144999520614e-18,35.876534622390501,178.28476499764349,178.28476499764349,1.8125464154320806e-23,0.022228376278384789,0.022228376278384789,0,0,1.3892266067410808e-17,566,566,0,-0.00033975836275142927,0.012515812347934892,9.8749063781850053e-07,5.131535246459618e-12,2.5509550591322693e-09
1.5934809070563244e-17,3415,217.4693307028972,-1.1269042589245342e-10,-4.8962226377802155e-22,0,2.0314566964894485e-18,35.442849296219258,178.28476499764349,178.28476499764349,-5.0369986585916368e-23,0.061897296951356755,-0.061897296951356755,0,0,1.3903402744060381e-17,567,567,0,-0.00033906964349816242,0.01258163513467956,2.7886106284547471e-07,5.0828994933441189e-12,2.5560379586256136e-09
1.593445458609141e-17,3421,227.47974318596491,-8.4887589587322457e-11,-3.5448447183404559e-22,0,2.0217212766060248e-18,34.961009248486526,178.28476499764349,178.28476499764349,-2.2647815901240984e-23,0.027722806016556602,-0.027722806016556602,0,0,1.3912755957301288e-17,568,568,0,-0.00034039086639412369,0.012726691384261409,-9.5470449173347339e-07,5.0385523186137172e-12,2.5610765109442275e-09
1.5934180426260161e-17,3427,229.07908268238131,-8.5757318178070026e-11,-2.7415983124990488e-22,0,2.0144137714824517e-18,34.420692669197038,178.28476499764349,178.28476499764349,4.7820195718012612e-23,0.058189059379343863,0.058189059379343863,0,0,1.3919718834581991e-17,569,569,0,-0.00034241972222439943,0.012938916856404999,-1.4351552335434936e-06,4.9472099634065272e-12,2.5660237209076341e-09
1.5933850707272474e-17,3433,218.48827307381268,-1.0226681301347803e-10,-3.297189876861127e-22,0,2.0096355688552319e-18,33.984161736315798,178.28476499764349,178.28476499764349,3.1323709452960284e-23,0.038127703372904657,0.038127703372904657,0,0,1.392418381470779e-17,570,570,0,-0.00034231134977502127,0.013206076611641093,-1.4023516171981162e-06,4.8719476456317294e-12,2.5708956685532659e-09
1.5933486616341632e-17,3439,204.05563796247804,-9.6154509298635024e-11,-3.6409093084221483e-22,0,2.0070984721852231e-18,33.844808278929264,178.28476499764349,178.28476499764349,-4.114372023766696e-23,0.050296562875427671,-0.050296562875427671,0,0,1.3926429287876646e-17,571,571,0,-0.00034084270943439258,0.013519200684297525,-1.9018656740449327e-06,4.8590431692329009e-12,2.575754711722499e-09
1.5933205760660367e-17,3445,182.24362889179363,-7.4053853240882297e-11,-2.8085568126532023e-22,0,2.0062609355376118e-18,33.933866784622765,178.28476499764349,178.28476499764349,-4.0088437590580042e-23,0.048994553067755388,-0.048994553067755388,0,0,1.3926984913560347e-17,572,572,0,-0.00034092597272273467,0.013865700152517129,-2.7391597873851881e-06,4.8378314141710367e-12,2.5805925431366699e-09
1.5932989100969503e-17,3451,149.9827099333063,-7.5405967142858389e-11,-2.1665969086271322e-22,0,2.0064793107869584e-18,34.205613009963393,178.28476499764349,178.28476499764349,3.1558860742144097e-23,0.038397812015662156,0.038397812015662156,0,0,1.3926478231321805e-17,573,573,0,-0.00034245506759249917,0.014230566119575938,-2.6978381932062286e-06,4.7782173382338472e-12,2.5853707604749036e-09
1.593269283864791e-17,3457,133.38632524273206,-1.0342185172069025e-10,-2.9626232159445185e-22,0,2.0073834309624941e-18,34.630263935272367,178.28476499764349,178.28476499764349,4.856886121098884e-23,0.059058077423716195,0.059058077423716195,0,0,1.3925260838824205e-17,574,574,0,-0.00034266312733798911,0.014606307599483332,-1.6687653228446532e-06,4.7643250396824039e-12,2.590135085514586e-09
1.5932274396081264e-17,3463,141.82915416532697,-1.1950747713486688e-10,-4.1844256664403826e-22,0,2.0089182901396095e-18,34.998212030053871,178.28476499764349,178.28476499764349,-1.8790232962638848e-23,0.022959861908572955,-0.022959861908572955,0,0,1.392337489617462e-17,575,575,0,-0.00034099785815825377,0.014986447335621175,-9.1200878545789236e-07,4.781901225117235e-12,2.5949169867397032e-09
1.5931851820511707e-17,3469,171.96422754359992,-1.0805488900953447e-10,-4.2257556955941918e-22,0,2.0111768138882122e-18,35.187029801098276,178.28476499764349,178.28476499764349,-5.3127161646806786e-23,0.065089037280074938,-0.065089037280074938,0,0,1.3920728133785142e-17,576,576,0,-0.00034009286782943332,0.015359893645200779,-1.0130838838893882e-06,4.7493849040558541e-12,2.599666371643759e-09
1.5931492846177899e-17,3475,175.4378480039598,-9.9982923525683659e-11,-3.5897433380846529e-22,0,2.014404877622127e-18,35.362437009622013,178.28476499764349,178.28476499764349,3.6820477660586101e-24,0.0044967514148130244,0.0044967514148130244,0,0,1.3917084286508004e-17,577,577,0,-0.00034117664679818164,0.015721921719587556,-9.5401769769000873e-07,4.7243334691343305e-12,2.6043907051128933e-09
1.5931110369210885e-17,3481,220.36472731387786,-1.1715930413114625e-10,-3.8247696701369665e-22,0,2.0187484071935707e-18,35.534241118861168,178.28476499764349,178.28476499764349,5.4544346666507477e-23,0.066441001981370873,0.066441001981370873,0,0,1.3912307417670647e-17,578,578,0,-0.00034206002969997624,0.016072372969929534,-7.6053942632097469e-09,4.7538694112306949e-12,2.609144574524124e-09
1.5930629824168471e-17,3487,243.32298692062304,-1.3408670899147583e-10,-4.8054504241486884e-22,0,2.02402732277268e-18,35.529499583567997,178.28476499764349,178.28476499764349,1.1132326659166034e-23,0.013606201442782274,0.013606201442782274,0,0,1.3906591369069132e-17,579,579,0,-0.00034090847918318273,0.016405185115421453,8.2970517171481035e-07,4.7565799251099632e-12,2.6139011544492339e-09
1.5930138412855983e-17,3493,236.77617964975653,-1.215364379351737e-10,-4.9141131248814464e-22,0,2.0301018015159343e-18,35.536179582316954,178.28476499764349,178.28476499764349,-5.094796046540344e-23,0.062541579888865703,-0.062541579888865703,0,0,1.3900087559300515e-17,580,580,0,-0.00033942725620789767,0.016714179076433387,4.2271276593576661e-07,4.7267740552510096e-12,2.6186279285044849e-09
1.5929748611603201e-17,3499,278.95681178783281,-9.7522337612903108e-11,-3.8980125278170521e-22,0,2.0369577045489572e-18,35.668930536795067,178.28476499764349,178.28476499764349,-2.5652672442331655e-23,0.031448946872996313,-0.031448946872996313,0,0,1.3892816559726686e-17,581,581,0,-0.00033987190607056954,0.016997692344777368,-5.4315671940994739e-07,4.7414695345775306e-12,2.6233693980390625e-09
1.592942353360823e-17,3505,252.6208726095584,-9.7268570882247298e-11,-3.2507799497066716e-22,0,2.0442697752267808e-18,35.669947933251372,178.28476499764349,178.28476499764349,4.4213524614383622e-23,0.05398819852909427,0.05398819852909427,0,0,1.3885109544856835e-17,582,582,0,-0.00034122831330878658,0.017250165174859181,-6.673334501414805e-07,4.7646171318453577e-12,2.6281340151709078e-09
1.592904825394333e-17,3511,190.1396884296397,-1.1367189216411084e-10,-3.7527966490072742e-22,0,2.0515020623897702e-18,35.659435482034375,178.28476499764349,178.28476499764349,3.7867711693142276e-23,0.046277596815694801,0.046277596815694801,0,0,1.3877508323841866e-17,583,583,0,-0.00034094711677259146,0.017462094545211852,-1.8780909073247433e-07,4.7355160284406409e-12,2.6328695311993486e-09
1.5928632274906445e-17,3517,204.27973625336352,-1.1023313437693508e-10,-4.1597903688461546e-22,0,2.0581704361477996e-18,35.763759230893946,178.28476499764349,178.28476499764349,-3.31609948221966e-23,0.04071709789173282,-0.04071709789173282,0,0,1.3870494999753467e-17,584,584,0,-0.00033934346727396364,0.017627447801900085,-4.9958090852634092e-07,4.7281134607734387e-12,2.6375976446601221e-09
1.5928291701589712e-17,3523,192.40626946972881,-8.5454334099803691e-11,-3.4057331672949923e-22,0,2.0636268486662092e-18,35.649846487365252,178.28476499764349,178.28476499764349,-4.68746717037593e-23,0.05761699909450263,-0.05761699909450263,0,0,1.3864711727595209e-17,585,585,0,-0.00033898178518225751,0.017739923191772464,-1.6437510288233534e-06,4.7696120001340839e-12,2.6423672566602563e-09
1.5928046332871275e-17,3529,171.63366664689698,-7.6374327212376374e-11,-2.4536871843975011e-22,0,2.0671966785034936e-18,35.41851959573173,178.28476499764349,178.28476499764349,2.0936963168333987e-23,0.025634143315083787,0.025634143315083787,0,0,1.3860828717404613e-17,586,586,0,-0.0003403169962126451,0.017791314635872399,-2.089441509927501e-06,4.7760718128319802e-12,2.647143328473088e-09
1.5927772398594551e-17,3535,143.26189869033936,-9.5154882442148332e-11,-2.7393427672346765e-22,0,2.0685720099781553e-18,35.361161032101677,178.28476499764349,178.28476499764349,5.2630393131166346e-23,0.06432553004225057,0.06432553004225057,0,0,1.3859147758223265e-17,587,587,0,-0.00034091177261838382,0.017776866017088916,-1.3335255348188989e-06,4.767707337169237e-12,2.6519110358102573e-09
1.5927406180171449e-17,3541,152.07040423965418,-1.0752752081894149e-10,-3.6621842310053765e-22,0,2.0678218013356019e-18,35.299062282740174,178.28476499764349,178.28476499764349,-7.7289715445435184e-24,0.0094795016443642681,-0.0094795016443642681,0,0,1.3859592107807394e-17,588,588,0,-0.00033972300771117209,0.017693652233205771,-7.6477813677233529e-07,4.812503475798537e-12,2.6567235392860558e-09
1.5927048336113845e-17,3547,136.63821082049554,-9.1706070704570117e-11,-3.5784405760484394e-22,0,2.0654766242613253e-18,35.297686188165635,178.28476499764349,178.28476499764349,-5.4145334210402367e-23,0.066556747001681446,-0.066556747001681446,0,0,1.3861625857186731e-17,589,589,0,-0.0003389672262743271,0.017541140435363388,-1.258144139582787e-06,4.8567112508382043e-12,2.6615802505368939e-09
1.5926783519388456e-17,3553,144.46285396393333,-7.659811878884742e-11,-2.6481672538936668e-22,0,2.0624929686338407e-18,35.488879206699544,178.28476499764349,178.28476499764349,-3.775923941127367e-24,0.0046237030270140011,-0.0046237030270140011,0,0,1.3864294326678557e-17,590,590,0,-0.00034026874843487204,0.017325158231617399,-1.6020121363835021e-06,4.8560426070885742e-12,2.6664362931439824e-09
1.5926527344324904e-17,3559,140.33703513097598,-8.9029461083585367e-11,-2.5617506355271716e-22,0,2.0598648500413648e-18,35.631174344157245,178.28476499764349,178.28476499764349,5.3804827787996315e-23,0.065611636460006173,0.065611636460006173,0,0,1.3866608689455751e-17,591,591,0,-0.00034168753371453532,0.01705452061144733,-6.983449887505905e-07,4.8662587053446122e-12,2.6713025518493269e-09
1.5926182763148955e-17,3565,151.70885670657705,-1.0455115097486794e-10,-3.4458117594836882e-22,0,2.0582656981289722e-18,35.74012800658469,178.28476499764349,178.28476499764349,1.3950391466605886e-23,0.017040249459490724,0.017040249459490724,0,0,1.3867903114628517e-17,592,592,0,-0.00034111373339368344,0.016738973038801591,4.5247967237862517e-07,4.9229038891944478e-12,2.6762254557385214e-09
1.5925829532446169e-17,3571,141.51866694517793,-9.0294746221720689e-11,-3.5323070278514978e-22,0,2.0578057460471634e-18,35.894388125556191,178.28476499764349,178.28476499764349,-5.1300639158458097e-23,0.062863175001586113,-0.062863175001586113,0,0,1.3868075087038165e-17,593,593,0,-0.00034002842388226032,0.016395722298729605,5.1082426405891969e-07,4.9499706820607141e-12,2.681175426420582e-09
1.5925588616130877e-17,3577,129.63201059432961,-6.7394759908287378e-11,-2.4091631529203208e-22,0,2.0581361021408776e-18,36.019589470980776,178.28476499764349,178.28476499764349,-2.2099201720256145e-23,0.027015718472456811,-0.027015718472456811,0,0,1.3867474613191721e-17,594,594,0,-0.00034083863903755014,0.016044751705125235,1.9946629615911359e-07,4.9396977457236018e-12,2.6861151241663057e-09
1.5925397036741104e-17,3583,138.55398585354538,-7.4165654047605924e-11,-1.9157938977456531e-22,0,2.0588435560605563e-18,36.164065199364835,178.28476499764349,178.28476499764349,4.7900911259308778e-23,0.058288512058413809,0.058288512058413809,0,0,1.3866505579769289e-17,595,595,0,-0.00034241246379233586,0.01570367283145635,8.4275438840179054e-07,4.9188023496222306e-12,2.691033926515928e-09
1.5925112754723488e-17,3589,160.20315459677639,-9.7910099372326169e-11,-2.8428201761699112e-22,0,2.0596093922104251e-18,36.237011451319916,178.28476499764349,178.28476499764349,3.0326389568896912e-23,0.036923896937385271,0.036923896937385271,0,0,1.3865473036123492e-17,596,596,0,-0.00034221728207979975,0.015384495416632692,1.8732619392101697e-06,4.9342868541191233e-12,2.695968213370047e-09
1.5924759403735776e-17,3595,158.16869112835838,-9.8048081091557892e-11,-3.5335098770991481e-22,0,2.0602541756802252e-18,36.207195553616522,178.28476499764349,178.28476499764349,-4.2579026460299323e-23,0.052027966685972565,-0.052027966685972565,0,0,1.3864547807082012e-17,597,597,0,-0.00034099470256464248,0.015099947167122154,1.8379153899400203e-06,4.9211814842038936e-12,2.7008893948542508e-09
1.5924467477903333e-17,3601,165.25419195228702,-7.9784304021223527e-11,-2.9192583244405912e-22,0,2.0606401537325324e-18,36.162747140346376,178.28476499764349,178.28476499764349,-3.8112186267067579e-23,0.046509173371435654,-0.046509173371435654,0,0,1.3863865436357067e-17,598,598,0,-0.00034143968727321986,0.014857337356400577,9.7147565351585706e-07,4.8807343588431787e-12,2.7057701292130942e-09
1.5924228237687497e-17,3607,169.72143744910684,-8.1905380722769171e-11,-2.3924021583429969e-22,0,2.0604722448139714e-18,35.98284769210332,178.28476499764349,178.28476499764349,3.5365501714589757e-23,0.042926230288807106,0.042926230288807106,0,0,1.3863720627371813e-17,599,599,0,-0.00034327788895672807,0.014655630768299942,6.405472913502429e-07,4.8855284895605219e-12,2.7106556577026547e-09
1.5923911432497975e-17,3613,181.40898892243897,-1.0607316064665937e-10,-3.1680518952327979e-22,0,2.0593643701683532e-18,35.685808565440944,178.28476499764349,178.28476499764349,4.4959795621351154e-23,0.054501103151711187,0.054501103151711187,0,0,1.3864502102534001e-17,600,600,0,-0.00034372236692930885,0.014491690705059885,8.9843528715312762e-07,4.9163160347755942e-12,2.7155719737374302e-09
1.5923507251693903e-17,3619,198.27567547299373,-1.1163164635661688e-10,-4.0418080407319025e-22,0,2.0570990837641758e-18,35.403517337823118,178.28476499764349,178.28476499764349,-2.7172568174672104e-23,0.033064934877810793,-0.033064934877810793,0,0,1.3866435340497902e-17,601,601,0,-0.00034241420550057975,0.014361712486469653,4.6368898760526769e-07,4.9005896381707534e-12,2.7204725633756009e-09
1.592315536077186e-17,3625,205.63738123560987,-8.9768706747013996e-11,-3.5189092204291154e-22,0,2.0537820116330573e-18,35.161789551032129,178.28476499764349,178.28476499764349,-5.0060544952121012e-23,0.060984241103429641,-0.060984241103429641,0,0,1.3869423409683754e-17,602,602,0,-0.00034203197447914941,0.01425901368969925,-8.5558396488525125e-07,4.8573600441254249e-12,2.7253299234197262e-09
1.5922901902966256e-17,3631,207.8129393025385,-7.8207504220944363e-11,-2.5345780560271773e-22,0,2.0496639970424732e-18,35.076032033348355,178.28476499764349,178.28476499764349,1.6701057735434873e-23,0.020267211890961128,0.020267211890961128,0,0,1.3873221204866048e-17,603,603,0,-0.00034335132498096986,0.014175817882653234,-1.7565478480119889e-06,4.8619933416328697e-12,2.7301919167613591e-09
1.5922631195775768e-17,3637,208.96145402259208,-9.4620076785422684e-11,-2.7070719048740685e-22,0,2.0449861955902632e-18,35.137232075908621,178.28476499764349,178.28476499764349,5.3767820944118079e-23,0.065155819741405732,0.065155819741405732,0,0,1.3877591232364561e-17,604,604,0,-0.00034384125340810977,0.014107289684983855,-1.6411809545872143e-06,4.8752579170531115e-12,2.7350671746784121e-09
1.5922277847180354e-17,3643,201.3315860745962,-1.0568647358075598e-10,-3.5334859541291627e-22,0,2.0400920729595443e-18,35.262302802151652,178.28476499764349,178.28476499764349,-5.348612222083181e-24,0.0065128419899116207,-0.0065128419899116207,0,0,1.3882191122833034e-17,605,605,0,-0.00034218370863594737,0.014051594960342509,-1.5457025219003753e-06,4.8409154867827352e-12,2.7399080901651949e-09
1.5921942934806495e-17,3649,188.75513923780127,-8.8537261086299263e-11,-3.3491237386177392e-22,0,2.035434027692043e-18,35.450359225901721,178.28476499764349,178.28476499764349,-5.4444989568662324e-23,0.066590005412152167,-0.066590005412152167,0,0,1.3886563352104021e-17,606,606,0,-0.00034067293101813643,0.014008245754044883,-2.1619067497082502e-06,4.8212690871860094e-12,2.7447293592523809e-09
1.5921708863427862e-17,3655,176.45299058376469,-7.0887776251924055e-11,-2.3407137863286654e-22,0,2.031493745731415e-18,35.554464694295156,178.28476499764349,178.28476499764349,-6.9117016397919357e-24,0.0084414205136889575,-0.0084414205136889575,0,0,1.3890222029398084e-17,607,607,0,-0.00034116007828023285,0.013978568216738731,-2.5828387264485816e-06,4.8492564256542581e-12,2.7495786156780351e-09
1.5921492924767465e-17,3661,172.36640469171783,-8.1805372362941847e-11,-2.1593866039823585e-22,0,2.0287392344565678e-18,35.551460087655599,178.28476499764349,178.28476499764349,5.3152686820791467e-23,0.064791898781747223,0.064791898781747223,0,0,1.3892700537624074e-17,608,608,0,-0.00034181669712441662,0.013965833687848192,-1.92125685190237e-06,4.8549658706173559e-12,2.7544335815486523e-09
1.592119379748065e-17,3667,154.33584789511951,-9.8747358119635631e-11,-2.991272868120423e-22,0,2.0273867456902603e-18,35.533751018634248,178.28476499764349,178.28476499764349,1.861813097539646e-23,0.022788898997841714,0.022788898997841714,0,0,1.3893788433659417e-17,609,609,0,-0.00034040936219948033,0.013973558381596508,-9.7686345248620083e-07,4.8251609323282234e-12,2.7592587424809806e-09
1.5920875567151626e-17,3673,156.65326940795165,-8.7712734322303444e-11,-3.1823032902427851e-22,0,2.0273454507046792e-18,35.418078953921579,178.28476499764349,178.28476499764349,-4.8427279279830821e-23,0.059634108918276363,-0.059634108918276363,0,0,1.3893578543726227e-17,610,610,0,-0.00033836395645505752,0.014005174699862602,-9.1274402463597657e-07,4.8360323336039257e-12,2.7640947748145846e-09
1.5920656475569319e-17,3679,140.9342280409748,-6.4081661155410108e-11,-2.1909158230778134e-22,0,2.028391432365573e-18,35.266439926495345,178.28476499764349,178.28476499764349,-2.8812538666916378e-23,0.035482296590614935,-0.035482296590614935,0,0,1.3892293855742412e-17,611,611,0,-0.00033834406445173239,0.014064065434137825,-1.3395797411681868e-06,4.8756152116946341e-12,2.7689703900262792e-09
1.5920499475657765e-17,3685,137.57002381266497,-6.6336378527894805e-11,-1.5699991155498379e-22,0,2.0302245831697352e-18,35.165068268939017,178.28476499764349,178.28476499764349,4.2759682282089598e-23,0.052464643617325307,0.052464643617325307,0,0,1.3890232132805747e-17,612,612,0,-0.0003395912571933276,0.0141514540573957,-1.0801644481655194e-06,4.8707261955621914e-12,2.7738411162218414e-09
1.5920272890264804e-17,3691,118.35748236765784,-8.7415462972775229e-11,-2.265853929597032e-22,0,2.0325414106417655e-18,35.062342011294525,178.28476499764349,178.28476499764349,3.7675138743978457e-23,0.046261374459844552,0.046261374459844552,0,0,1.3887693804484295e-17,613,613,0,-0.00033933221094161272,0.014266873297723175,-3.4509787083024395e-07,4.8628711256509496e-12,2.7787039873474925e-09
1.5919982388687947e-17,3697,135.25148284213969,-8.7306127662773374e-11,-2.905015768584121e-22,0,2.0350172959868345e-18,35.090274153994301,178.28476499764349,178.28476499764349,-3.5083404668296374e-23,0.043264797169361602,-0.043264797169361602,0,0,1.388500017610578e-17,614,614,0,-0.00033787481358654487,0.014409104767187557,-3.6810119854155652e-07,4.8904443522905124e-12,2.7835944316997829e-09
1.5919757560663551e-17,3703,132.38546008431487,-6.5136518452474012e-11,-2.248280243954455e-22,0,2.0371793531694008e-18,35.260854079773537,178.28476499764349,178.28476499764349,-4.4095122720112971e-23,0.054332033189738393,-0.054332033189738393,0,0,1.3882622302616869e-17,615,615,0,-0.00033816087345522829,0.014574176122889122,-1.1462890236289209e-06,4.9088071282008387e-12,2.7885032388279839e-09
1.5919613852260896e-17,3709,137.95944538897521,-6.0842002839621408e-11,-1.4370840265315726e-22,0,2.0386781637101071e-18,35.414248095266636,178.28476499764349,178.28476499764349,2.7197505611124354e-23,0.033285606423979201,0.033285606423979201,0,0,1.3880908491045179e-17,616,616,0,-0.00034045628793080029,0.014755735190841966,-1.3094772860570266e-06,4.8986608768990521e-12,2.7934018997048831e-09
1.591941859042547e-17,3715,143.30327132056172,-8.3149430895239469e-11,-1.9526183542672262e-22,0,2.0395313925911056e-18,35.534982643596308,178.28476499764349,178.28476499764349,4.9608725047303101e-23,0.060469220750224741,0.060469220750224741,0,0,1.3879837589109317e-17,617,617,0,-0.00034183179221744026,0.0149482075675912,-5.1841670255410768e-07,4.907140993462743e-12,2.7983090406983459e-09
1.5919124349143798e-17,3721,186.39997524659987,-9.3487620156789605e-11,-2.9424128167409706e-22,0,2.0399355463427477e-18,35.580207954304342,178.28476499764349,178.28476499764349,-1.8992635772252789e-23,0.023178155925656786,-0.023178155925656786,0,0,1.3879207795436823e-17,618,618,0,-0.00034142484258970558,0.015146582049549585,-5.1741485499013988e-08,4.9528641470195708e-12,2.8032619048453654e-09
1.5918854518910895e-17,3727,180.21682945402836,-7.6501873873203943e-11,-2.6983023290346107e-22,0,2.0401210049448157e-18,35.609497580133862,178.28476499764349,178.28476499764349,-5.2808133020794169e-23,0.064344825878797515,-0.064344825878797515,0,0,1.3878786322099098e-17,619,619,0,-0.00034196049889248796,0.015340329269918775,-4.7680349653821396e-07,4.8954170987043287e-12,2.8081573219440697e-09
1.5918667073757595e-17,3733,176.13985798153303,-6.7683999521828784e-11,-1.8744515329869269e-22,0,2.0402495836093904e-18,35.690828495687875,178.28476499764349,178.28476499764349,8.6381973934761499e-24,0.010443521967320001,0.010443521967320001,0,0,1.3878408851950812e-17,620,620,0,-0.00034463937790441327,0.015524857482440887,-5.9889213956475029e-07,4.8647569632964956e-12,2.813022078907366e-09
1.5918450216679685e-17,3739,198.78534851827243,-8.8036564901059856e-11,-2.1685707790865503e-22,0,2.0402515841185545e-18,35.689964644546002,178.28476499764349,178.28476499764349,5.5373639053790739e-23,0.066495352280581524,0.066495352280581524,0,0,1.3878143258922076e-17,621,621,0,-0.00034697687604375808,0.015696967431966732,2.9474478919098905e-07,4.873712486366221e-12,2.8178957913937324e-09
1.5918121325630207e-17,3745,217.17539471757672,-1.06066044123415e-10,-3.2889104947851643e-22,0,2.0398237587911334e-18,35.643665889431318,178.28476499764349,178.28476499764349,2.8746539381865952e-24,0.003449853677601626,0.003449853677601626,0,0,1.3878294692185136e-17,622,622,0,-0.00034719515265853453,0.015852155884213012,1.0593212494326041e-06,4.8490495288112399e-12,2.8227448409225435e-09
1.5917778516734404e-17,3751,226.22915465289768,-9.3866646248054364e-11,-3.4280889580229546e-22,0,2.0385973633962494e-18,35.53556952512411,178.28476499764349,178.28476499764349,-5.4686184297010787e-23,0.065614058031783301,-0.065614058031783301,0,0,1.3879235839522452e-17,623,623,0,-0.00034727177082568097,0.015988523777648485,6.7074412828915987e-07,4.8084131200673692e-12,2.8275532540426108e-09
1.5917529308684334e-17,3757,225.74221686198001,-7.4995318642364086e-11,-2.4920805007193157e-22,0,2.0364128640891376e-18,35.209430416161702,178.28476499764349,178.28476499764349,-1.5932194275467855e-23,0.019009137610380561,-0.019009137610380561,0,0,1.388113237678947e-17,624,624,0,-0.00034922227496632998,0.016107690322091188,-9.5234925159919243e-09,4.8203771904999548e-12,2.8323736312331109e-09
1.5917314391483755e-17,3763,218.33696097114617,-8.2051018887811772e-11,-2.1491720057810122e-22,0,2.0334742386933979e-18,34.870650131255054,178.28476499764349,178.28476499764349,5.1545776738854201e-23,0.061104592279133618,0.061104592279133618,0,0,1.388378860701362e-17,625,625,0,-0.00035148597140474865,0.0162106142182969,2.2514755053335498e-07,4.8114283110164161e-12,2.8371850595441272e-09
1.591702327992425e-17,3769,206.93813521300567,-9.9334043482271728e-11,-2.9111155950448843e-22,0,2.0301433867132612e-18,34.645036105896942,178.28476499764349,178.28476499764349,2.8179585548889177e-23,0.033390657262190294,0.033390657262190294,0,0,1.3886851713625438e-17,626,626,0,-0.00035164009760291936,0.016300372773017543,7.859077240962127e-07,4.8236662031936507e-12,2.8420087257473211e-09
1.591670573493152e-17,3775,192.24521469155948,-8.9839786576195186e-11,-3.1754499272947586e-22,0,2.0269780221452755e-18,34.416175357770847,178.28476499764349,178.28476499764349,-4.4894865299058676e-23,0.053353526371873287,-0.053353526371873287,0,0,1.3889772607651543e-17,627,627,0,-0.00035060838798591247,0.01637986388251992,3.146386306947761e-07,4.8219238389046806e-12,2.8468306495862256e-09
1.5916494364987748e-17,3781,173.22712526782118,-6.2183180101175833e-11,-2.1136994377354612e-22,0,2.0246530922372473e-18,34.369380504946243,178.28476499764349,178.28476499764349,-3.900611257349096e-23,0.04630213872128968,-0.04630213872128968,0,0,1.3891880278863072e-17,628,628,0,-0.00035101071687960685,0.016451696636973552,-8.8907657786628986e-07,4.7871822699915093e-12,2.851617831856217e-09
1.5916375298859178e-17,3787,153.61215743704051,-5.6474441939221708e-11,-1.1906612856887485e-22,0,2.0235446204473166e-18,34.573168422599792,178.28476499764349,178.28476499764349,3.5303206576869262e-23,0.041717881783115071,0.041717881783115071,0,0,1.3892795375205285e-17,629,629,0,-0.00035259866460864744,0.016518830213317785,-1.4013218949880911e-06,4.7932446890369013e-12,2.856411076545254e-09
1.5916210795015404e-17,3793,145.93726561350874,-7.6530194359434884e-11,-1.6450384377651883e-22,0,2.0237709699528253e-18,34.872792795645232,178.28476499764349,178.28476499764349,4.7960081640379767e-23,0.056637856282571626,0.056637856282571626,0,0,1.3892391864980937e-17,630,630,0,-0.00035282704293151696,0.016582354298765287,-1.1521679448638164e-06,4.8010335331933987e-12,2.8612121100784473e-09
1.591596808861597e-17,3799,126.08112573514744,-8.3343395992946439e-11,-2.427063994314622e-22,0,2.0254931722991148e-18,35.348882304779522,178.28476499764349,178.28476499764349,-2.3362590191575255e-23,0.027702039619433873,-0.027702039619433873,0,0,1.3890498278907048e-17,631,631,0,-0.00035139696259023313,0.01664163321057861,-1.5494379493779487e-06,4.7935753740644874e-12,2.8660056854525119e-09
1.5915761990908544e-17,3805,121.32280913882954,-6.4457891038148388e-11,-2.0609770742603373e-22,0,2.0289003707456458e-18,35.903747020054126,178.28476499764349,178.28476499764349,-5.3695705008586604e-23,0.063768451050069536,-0.063768451050069536,0,0,1.3886915315867906e-17,632,632,0,-0.00035085077419668749,0.016694231941801925,-2.9559098303162455e-06,4.7566031074120976e-12,2.8707622885599238e-09
1.5915640188482562e-17,3811,127.69373726052646,-5.4014132761369668e-11,-1.2180242598459842e-22,0,2.033977846642079e-18,36.271682821003623,178.28476499764349,178.28476499764349,8.4739132691904356e-24,0.010025579070921055,0.010025579070921055,0,0,1.3881653867927212e-17,633,633,0,-0.00035217887869801065,0.01673664383323345,-4.0002865659370513e-06,4.7387331738380513e-12,2.8755010217337617e-09
1.5915498433925226e-17,3817,140.12708854375751,-7.2117848946298205e-11,-1.4175455733512921e-22,0,2.0404492344331402e-18,36.500980299062455,178.28476499764349,178.28476499764349,5.6456046094225769e-23,0.066593269211144987,0.066593269211144987,0,0,1.387499274344599e-17,634,634,0,-0.00035323919095603748,0.016763857315559568,-3.8507819523941001e-06,4.7602704418357768e-12,2.8802612921755974e-09
1.591525883342154e-17,3823,148.90797277439043,-8.8587556310658393e-11,-2.3960050368456867e-22,0,2.0476699351704917e-18,36.629371111914409,178.28476499764349,178.28476499764349,7.120880158677009e-24,0.0084182773155092993,0.0084182773155092993,0,0,1.386758177737089e-17,635,635,0,-0.00035245137315475383,0.016769361353450529,-3.5263379145014614e-06,4.735151680425475e-12,2.8849964438560229e-09
1.591500961984712e-17,3829,156.65127506182898,-7.5352917733200372e-11,-2.4921357441892648e-22,0,2.054776727445383e-18,36.588874961970149,178.28476499764349,178.28476499764349,-5.3967165417775406e-23,0.063971761419164913,-0.063971761419164913,0,0,1.3860286859567156e-17,636,636,0,-0.00035150382645769045,0.016747263478259954,-4.0240236726861562e-06,4.6936484581277723e-12,2.8896900923141506e-09
1.5914855427845726e-17,3835,164.84353479676304,-5.4662021907407767e-11,-1.5419200139536197e-22,0,2.0609264536606138e-18,36.512954776916345,178.28476499764349,178.28476499764349,-2.3693756048127712e-23,0.028017390334313656,-0.028017390334313656,0,0,1.385395266794116e-17,637,637,0,-0.00035236680631515571,0.016691848734528166,-4.5471081360168186e-06,4.7036044783263296e-12,2.8943936967924768e-09
1.5914743855125957e-17,3841,165.98327177346724,-6.1103910496153009e-11,-1.1157271976953382e-22,0,2.0654854700884464e-18,36.447328692644732,178.28476499764349,178.28476499764349,4.7206050801632013e-23,0.055570851933494987,0.055570851933494987,0,0,1.3849211178986709e-17,638,638,0,-0.00035394792682956597,0.016598329800448036,-3.8434133913471856e-06,4.7122535850846858e-12,2.8991059503775615e-09
1.5914549672342854e-17,3847,176.61846187157326,-8.3821974251312078e-11,-1.9418278310220918e-22,0,2.0681627327804368e-18,36.270022662814888,178.28476499764349,178.28476499764349,3.8411375038306649e-23,0.045225512816852768,0.045225512816852768,0,0,1.3846348528187379e-17,639,639,0,-0.00035388741005784835,0.016465220231446084,-2.3751710934917524e-06,4.668993797515908e-12,2.9037749441750774e-09
1.5914284155757286e-17,3853,173.06747954955543,-8.631360193118874e-11,-2.6551658556820044e-22,0,2.0689531525057011e-18,36.069603244502858,178.28476499764349,178.28476499764349,-3.4512219730781834e-23,0.040789299142709734,-0.040789299142709734,0,0,1.3845365515471315e-17,640,640,0,-0.0003525456886175927,0.016291237997893736,-1.569396521671159e-06,4.6605784053967915e-12,2.9084355225804741e-09
1.5914068564878579e-17,3859,170.43427503783525,-6.7032495852179574e-11,-2.1559087870873192e-22,0,2.0681539473923642e-18,35.917517888363193,178.28476499764349,178.28476499764349,-4.9359034160413716e-23,0.058368363213767108,-0.058368363213767108,0,0,1.3845963976520374e-17,641,641,0,-0.000352352937466943,0.016076030882047211,-1.5530871458280459e-06,4.6889821170072172e-12,2.9131245046974815e-09
1.591392765962501e-17,3865,163.25071923543351,-6.0759166029052162e-11,-1.4090525356578964e-22,0,2.0663689666860948e-18,35.68444539057127,178.28476499764349,178.28476499764349,1.8805769423890901e-23,0.022148418888934703,0.022148418888934703,0,0,1.3847539887169493e-17,642,642,0,-0.00035378314358453579,0.015825542234682192,-1.1104436438538444e-06,4.6662143642821003e-12,2.9177907190617638e-09
1.5913747941235483e-17,3871,139.17782329950202,-8.0681880677903514e-11,-1.7971838952852951e-22,0,2.0640852079781106e-18,35.426070153539449,178.28476499764349,178.28476499764349,5.5873364888220276e-23,0.065657075301750842,0.065657075301750842,0,0,1.3849606859892484e-17,643,643,0,-0.00035457821714463022,0.015546239784791489,1.2499304416015094e-07,4.6434075014909984e-12,2.9224341265632546e-09
1.5913470710769413e-17,3877,136.22895737099896,-9.5966841509941763e-11,-2.7723046606794493e-22,0,2.0616064405584847e-18,35.216697981371148,178.28476499764349,178.28476499764349,-9.7375601950228709e-26,0.00011474163533404321,-0.00011474163533404321,0,0,1.3851864367586533e-17,644,644,0,-0.00035360457745911865,0.015244184932282419,1.0125226319072043e-06,4.654919114839512e-12,2.927089045678094e-09
1.5913191016311945e-17,3883,121.40139983304081,-8.2535515363893343e-11,-2.7969445746962164e-22,0,2.0592455274567351e-18,34.927062208976082,178.28476499764349,178.28476499764349,-5.5448808166207108e-23,0.065484902862041755,-0.065484902862041755,0,0,1.3854000937663376e-17,645,645,0,-0.00035280910651913844,0.014933905031216903,7.7230151030120701e-07,4.594542782010648e-12,2.9316835884601045e-09
1.5913000507977906e-17,3889,159.53605612034499,-6.3206442652732753e-11,-1.9050833403865432e-22,0,2.0570663765376598e-18,34.696101391557356,178.28476499764349,178.28476499764349,-2.0419162965909063e-23,0.024031870687413196,-0.024031870687413196,0,0,1.3855954550603212e-17,646,646,0,-0.00035402922559773863,0.014622386463575965,2.1765487710299566e-07,4.5923873843124499e-12,2.9362759758444171e-09
1.5912844723486573e-17,3895,157.53729746666033,-6.9607313022073585e-11,-1.5578449133237861e-22,0,2.0549978229451912e-18,34.76498420457893,178.28476499764349,178.28476499764349,4.8389035884339401e-23,0.056621781530175892,0.056621781530175892,0,0,1.38577985115055e-17,647,647,0,-0.00035608378507833929,0.014320822688798855,3.7184286248203838e-07,4.5937269600557341e-12,2.9408697028044726e-09
1.5912614730958843e-17,3901,135.1465845275319,-9.014423799406334e-11,-2.2999252773073048e-22,0,2.0529875966356251e-18,34.948434739372487,178.28476499764349,178.28476499764349,3.9017485554840526e-23,0.045575029031550328,0.045575029031550328,0,0,1.3859588116837663e-17,648,648,0,-0.00035671476230093592,0.014043622555919519,8.8479786020311316e-07,4.5481257623757508e-12,2.9454178285668484e-09
1.5912328615990074e-17,3907,152.60328450064532,-8.9680809518055375e-11,-2.8611496876884617e-22,0,2.0508882151229521e-18,35.15727288198957,178.28476499764349,178.28476499764349,-3.3014903546997365e-23,0.038608952683052505,-0.038608952683052505,0,0,1.3861473415770671e-17,649,649,0,-0.00035629585511364045,0.013798619475240441,7.3413842904976567e-07,4.5491477019650012e-12,2.9499669762688133e-09
1.5912104271450302e-17,3913,162.38371831739508,-6.6492845937411556e-11,-2.2434453977046478e-22,0,2.0484689177323371e-18,35.5242871536339,178.28476499764349,178.28476499764349,-5.1966868662141981e-23,0.060617642574909793,-0.060617642574909793,0,0,1.3863687320586628e-17,650,650,0,-0.00035720395948752763,0.013594776226093164,-8.6942416822560828e-08,4.5743324168615074e-12,2.9545413086856748e-09
1.5911973622776262e-17,3919,149.5710076402062,-5.4582115699038451e-11,-1.306486740419903e-22,0,2.0456130729920835e-18,35.834911017884878,178.28476499764349,178.28476499764349,1.2975414804541436e-23,0.015018705961933226,0.015018705961933226,0,0,1.3866347574369374e-17,651,651,0,-0.00035997927177801726,0.013442625892816192,-5.249622635372665e-07,4.5462080311332348e-12,2.9590875167168081e-09
1.5911833709631549e-17,3925,139.2010720211824,-6.9303930385607358e-11,-1.3991314471208689e-22,0,2.042301915646585e-18,35.94531551205958,178.28476499764349,178.28476499764349,5.7905346024937218e-23,0.066574102606954552,0.066574102606954552,0,0,1.3869473888638941e-17,652,652,0,-0.00036241160700032179,0.013346666357677324,-1.3157624052950876e-07,4.5497163202842498e-12,2.9636372330370922e-09
1.591161263116881e-17,3931,136.17779645041529,-8.3343214740596788e-11,-2.2107846273796177e-22,0,2.0385468285959891e-18,36.07836616176688,178.28476499764349,178.28476499764349,9.1010637440986153e-24,0.010445925156510777,0.010445925156510777,0,0,1.3873056701509079e-17,653,653,0,-0.00036302288562839539,0.013310442223337103,2.8609777327062451e-07,4.590566915331088e-12,2.9682277999524234e-09
1.5911388425938232e-17,3937,108.26806255168053,-6.9756964053020473e-11,-2.2420523057886681e-22,0,2.0344858624483332e-18,36.19499142834546,178.28476499764349,178.28476499764349,-5.4617714367723922e-23,0.06262197238220317,-0.06262197238220317,0,0,1.3876957181204267e-17,654,654,0,-0.00036340888223157888,0.013335794882595552,-5.115337644186184e-08,4.5784924677856813e-12,2.9728062924202089e-09
1.5911263323344576e-17,3943,119.42987774345286,-4.6674550519290704e-11,-1.2510259365809601e-22,0,2.0302978728571614e-18,36.117881736846655,178.28476499764349,178.28476499764349,-2.9899294349036194e-23,0.034074827013603391,-0.034074827013603391,0,0,1.3880995349781763e-17,655,655,0,-0.00036560829221887514,0.013420858454299646,-6.4498886603724713e-07,4.5795970519148225e-12,2.9773858894721238e-09
1.5911194928175561e-17,3949,113.4387200064963,-4.8971344074523196e-11,-6.8395169014173241e-23,0,2.0261025580921499e-18,35.953198088991421,178.28476499764349,178.28476499764349,4.4427710781170718e-23,0.050211221234414641,0.050211221234414641,0,0,1.388504794237263e-17,656,656,0,-0.000368673489784291,0.013562806127186355,-5.5202498862026304e-07,4.6123480708204122e-12,2.9819982375429442e-09
1.5911056181681253e-17,3955,135.35187791015912,-7.2229164619348538e-11,-1.3874649430932007e-22,0,2.0220214140147376e-18,35.699855925892109,178.28476499764349,178.28476499764349,4.5953209835677196e-23,0.051744082713573114,0.051744082713573114,0,0,1.3888988814456678e-17,657,657,0,-0.0003700359492476533,0.013756202425399482,5.1081243119089855e-08,4.6349098202330502e-12,2.9866331473631772e-09
1.5910837933073361e-17,3961,138.07669363659832,-7.8014702896683737e-11,-2.1824860789126964e-22,0,2.0183340040629786e-18,35.286314793927936,178.28476499764349,178.28476499764349,-2.8582788018055273e-23,0.032219056032629367,-0.032219056032629367,0,0,1.38925325117984e-17,658,658,0,-0.00036964133882325763,0.013992175648898651,6.8034678567205445e-08,4.6244367272076253e-12,2.9912575840903848e-09
1.5910658844407999e-17,3967,151.24471946089056,-5.8549833199787351e-11,-1.7908866536165394e-22,0,2.0153503936906523e-18,34.884338906596412,178.28476499764349,178.28476499764349,-5.5880774870076262e-23,0.062933526316491697,-0.062933526316491697,0,0,1.3895364331492217e-17,659,659,0,-0.00036997221606140026,0.014263289699622135,-7.3232969089585675e-07,4.6396711024982765e-12,2.995897255192883e-09
1.5910538744481675e-17,3973,162.37939953809129,-4.8186054404085582e-11,-1.2009992632275594e-22,0,2.0134879828134879e-18,34.596819489547535,178.28476499764349,178.28476499764349,-8.8482491642469247e-36,9.9207767224745297e-15,-9.9207767224745297e-15,0,0,1.3897050761668188e-17,660,660,0,-0.00037162115308475682,0.014524096017812391,-1.2796864644825458e-06,4.1027448071170502e-12,3e-09
